 CJ1 CONFIG File
          1         1
  18.059999999999999   0.000000000000000   0.000000000000000
   0.000000000000000  18.059999999999999   0.000000000000000
   0.000000000000000   0.000000000000000  18.059999999999999
Si               1
  -5.065436997413634   0.111366233825684  -6.439370112419128
   0.000000000000000   0.000000000000000   0.000000000000000
Si               2
   7.134031205177306   1.344356303215028   1.580566048622131
   0.000000000000000   0.000000000000000   0.000000000000000
Si               3
  -1.641390337944030   8.833210215568540   6.617235732078552
   0.000000000000000   0.000000000000000   0.000000000000000
Si               4
   2.421423311233520   7.711220383644102   3.956028828620910
   0.000000000000000   0.000000000000000   0.000000000000000
Si               5
  -7.907760429382323  -2.131722121238709   3.254629096984862
   0.000000000000000   0.000000000000000   0.000000000000000
Si               6
  -3.146836709976196   8.918780164718628  -0.002553362846374
   0.000000000000000   0.000000000000000   0.000000000000000
Si               7
  -6.724619064331055  -1.141150817871094   0.464552721977235
   0.000000000000000   0.000000000000000   0.000000000000000
Si               8
   5.876467709541320  -4.278820395469666   0.795400514602662
   0.000000000000000   0.000000000000000   0.000000000000000
Si               9
   3.942883100509643   5.957288317680359  -0.447497291564941
   0.000000000000000   0.000000000000000   0.000000000000000
Si              10
  -8.079141454696655   7.070778422355650   3.806284646987915
   0.000000000000000   0.000000000000000   0.000000000000000
Si              11
   3.736125297546387  -1.527397541999817  -7.665910034179687
   0.000000000000000   0.000000000000000   0.000000000000000
Si              12
  -0.846187891960144  -8.653902139663696  -8.911705670356749
   0.000000000000000   0.000000000000000   0.000000000000000
Si              13
  -7.415366148948669   2.056270895004273  -7.084806847572326
   0.000000000000000   0.000000000000000   0.000000000000000
Si              14
  -4.722735228538513  -1.307984876632690  -4.268899741172790
   0.000000000000000   0.000000000000000   0.000000000000000
Si              15
   4.997775034904480   0.570984463691712   6.725566349029540
   0.000000000000000   0.000000000000000   0.000000000000000
Si              16
  -0.914732551574707  -4.786750144958495   6.393878917694092
   0.000000000000000   0.000000000000000   0.000000000000000
Si              17
   4.949519491195678   2.252358827590943   1.669249119758605
   0.000000000000000   0.000000000000000   0.000000000000000
Si              18
   7.909258861541746  -8.687948412895203  -3.236535959243774
   0.000000000000000   0.000000000000000   0.000000000000000
Si              19
   0.283638567924500  -0.677756366729737   4.878068389892578
   0.000000000000000   0.000000000000000   0.000000000000000
Si              20
  -6.704183549880980  -0.805484790802002   7.239657754898071
   0.000000000000000   0.000000000000000   0.000000000000000
Si              21
   6.730345830917358   7.150135045051575   1.098484253883361
   0.000000000000000   0.000000000000000   0.000000000000000
Si              22
   4.938431954383850  -3.518770823478699   6.563335232734680
   0.000000000000000   0.000000000000000   0.000000000000000
Si              23
  -0.485823569297791  -2.100552148818970   3.371679039001465
   0.000000000000000   0.000000000000000   0.000000000000000
Si              24
  -4.459695796966552  -5.070759015083313   0.926478881835937
   0.000000000000000   0.000000000000000   0.000000000000000
Si              25
   3.635661449432373   7.605822043418884   2.430293340682983
   0.000000000000000   0.000000000000000   0.000000000000000
Si              26
  -5.738039274215698   1.213798942565917  -7.411413388252257
   0.000000000000000   0.000000000000000   0.000000000000000
Si              27
  -3.738093066215515   4.674613165855407   5.223866057395934
   0.000000000000000   0.000000000000000   0.000000000000000
Si              28
   7.897503919601439  -7.650219554901122  -8.085350475311278
   0.000000000000000   0.000000000000000   0.000000000000000
Si              29
  -7.014337477684021   5.744373164176940  -3.049585018157959
   0.000000000000000   0.000000000000000   0.000000000000000
Si              30
  -0.073164825439454  -1.559316730499267  -2.316442637443543
   0.000000000000000   0.000000000000000   0.000000000000000
Si              31
   4.912174944877624   6.726315565109253  -6.399476509094238
   0.000000000000000   0.000000000000000   0.000000000000000
Si              32
  -8.661105809211730  -3.540739216804504  -1.487297258377075
   0.000000000000000   0.000000000000000   0.000000000000000
Si              33
  -1.931324043273926  -5.918690772056579  -0.895713658332825
   0.000000000000000   0.000000000000000   0.000000000000000
Si              34
   7.836860475540162   2.577535829544066  -5.274162569046020
   0.000000000000000   0.000000000000000   0.000000000000000
Si              35
  -4.355993957519531   4.069095869064331  -3.889021353721619
   0.000000000000000   0.000000000000000   0.000000000000000
Si              36
  -3.584891295433044  -3.086903729438782   4.861150746345519
   0.000000000000000   0.000000000000000   0.000000000000000
Si              37
  -2.068555455207824  -0.708797163963318   6.871430969238281
   0.000000000000000   0.000000000000000   0.000000000000000
Si              38
  -5.559011077880859  -5.904180092811584   8.209091691970825
   0.000000000000000   0.000000000000000   0.000000000000000
Si              39
  -8.187885432243347   3.452938842773436   6.775100727081298
   0.000000000000000   0.000000000000000   0.000000000000000
Si              40
   0.824262557029725   1.366522765159607  -5.102549028396606
   0.000000000000000   0.000000000000000   0.000000000000000
Si              41
   8.450662207603456   6.511802945137024   0.293421435356141
   0.000000000000000   0.000000000000000   0.000000000000000
Si              42
   1.166714587211608  -4.153507547378540  -6.080112390518188
   0.000000000000000   0.000000000000000   0.000000000000000
Si              43
  -6.123704710006713   2.843722829818725   7.726157341003416
   0.000000000000000   0.000000000000000   0.000000000000000
Si              44
   2.179564304351807   6.276854810714720   6.666765804290771
   0.000000000000000   0.000000000000000   0.000000000000000
Si              45
   4.134691028594970  -3.109690232276916   1.125356998443603
   0.000000000000000   0.000000000000000   0.000000000000000
Si              46
   5.087095370292664   2.784435725212097   4.577473425865174
   0.000000000000000   0.000000000000000   0.000000000000000
Si              47
  -1.981271781921387   3.459208145141602   3.800932488441466
   0.000000000000000   0.000000000000000   0.000000000000000
Si              48
   4.079145698547363   2.475638136863708  -2.169393911361694
   0.000000000000000   0.000000000000000   0.000000000000000
Si              49
   2.200331368446349  -5.905377116203308   6.157785429954528
   0.000000000000000   0.000000000000000   0.000000000000000
Si              50
  -7.930056066513061   2.389676356315613  -2.122537765502930
   0.000000000000000   0.000000000000000   0.000000000000000
Si              51
  -4.939452438354492   4.494771165847778  -1.314693374633789
   0.000000000000000   0.000000000000000   0.000000000000000
Si              52
  -8.617918238639831  -0.141515722274780   5.469561567306519
   0.000000000000000   0.000000000000000   0.000000000000000
Si              53
   1.589358572959899   1.663328590393066  -1.298490500450134
   0.000000000000000   0.000000000000000   0.000000000000000
Si              54
  -7.211196155548095   2.129478778839111  -4.761879615783691
   0.000000000000000   0.000000000000000   0.000000000000000
Si              55
   9.023885707855223  -3.371140809059143  -4.541696205139160
   0.000000000000000   0.000000000000000   0.000000000000000
Si              56
   7.333748960494995  -1.116220006942749   4.099520931243896
   0.000000000000000   0.000000000000000   0.000000000000000
Si              57
  -5.533046865463256  -2.930584530830383  -4.695789284706115
   0.000000000000000   0.000000000000000   0.000000000000000
Si              58
   0.104860110282898  -7.465666966438293   5.431984505653380
   0.000000000000000   0.000000000000000   0.000000000000000
Si              59
  -0.455032510757446  -8.345263867378234  -4.881758494377136
   0.000000000000000   0.000000000000000   0.000000000000000
Si              60
  -1.110674085617065   6.987064290046691   5.496925177574157
   0.000000000000000   0.000000000000000   0.000000000000000
Si              61
  -8.097721152305603   1.785334553718567   8.477715797424315
   0.000000000000000   0.000000000000000   0.000000000000000
Si              62
  -8.407276568412779   0.365475354194642   2.154810032844543
   0.000000000000000   0.000000000000000   0.000000000000000
Si              63
   5.607714428901671  -6.255919818878173   2.126929721832274
   0.000000000000000   0.000000000000000   0.000000000000000
Si              64
   6.636047945022582  -6.466449537277221   3.511127958297729
   0.000000000000000   0.000000000000000   0.000000000000000
Si              65
  -8.549765410423278   7.560946583747862   6.712472290992736
   0.000000000000000   0.000000000000000   0.000000000000000
Si              66
  -8.770189948081970   5.143760218620299  -1.982391300201416
   0.000000000000000   0.000000000000000   0.000000000000000
Si              67
   2.691451120376586  -5.067783679962158  -3.270246376991271
   0.000000000000000   0.000000000000000   0.000000000000000
Si              68
  -6.388625793457031  -6.862453293800353  -6.078644099235534
   0.000000000000000   0.000000000000000   0.000000000000000
Si              69
   6.593975586891174   8.817631688117979  -2.372065472602844
   0.000000000000000   0.000000000000000   0.000000000000000
Si              70
  -8.850282869338988  -4.529062871932983   2.992924475669861
   0.000000000000000   0.000000000000000   0.000000000000000
Si              71
   5.019067411422728  -2.724364957809448  -6.300950288772583
   0.000000000000000   0.000000000000000   0.000000000000000
Si              72
   3.798762345314026   3.753817992210388   6.889554247856140
   0.000000000000000   0.000000000000000   0.000000000000000
Si              73
   2.757515616416931   3.624703087806701   4.023832883834839
   0.000000000000000   0.000000000000000   0.000000000000000
Si              74
  -6.089456062316894   0.589934463500976   0.093970642089843
   0.000000000000000   0.000000000000000   0.000000000000000
Si              75
   8.208256359100341  -4.149231848716735  -6.454487915039062
   0.000000000000000   0.000000000000000   0.000000000000000
Si              76
   5.908907904624938  -0.856887903213501  -7.843194365501403
   0.000000000000000   0.000000000000000   0.000000000000000
Si              77
  -3.381048545837402  -8.500394654273986   6.572558341026305
   0.000000000000000   0.000000000000000   0.000000000000000
Si              78
  -4.194744572639465   5.203619999885559  -7.267456254959106
   0.000000000000000   0.000000000000000   0.000000000000000
Si              79
  -4.325745434761047   6.788315348625183   6.227845745086670
   0.000000000000000   0.000000000000000   0.000000000000000
Si              80
  -4.297645525932312  -8.557929282188415  -3.260907011032105
   0.000000000000000   0.000000000000000   0.000000000000000
Si              81
   1.869074521064759   7.214640827178956   1.653244314193726
   0.000000000000000   0.000000000000000   0.000000000000000
Si              82
  -8.255095281600951  -6.464132995605469   6.322130713462830
   0.000000000000000   0.000000000000000   0.000000000000000
Si              83
  -0.472664923667908   2.354334025382995  -0.154803543090820
   0.000000000000000   0.000000000000000   0.000000000000000
Si              84
  -1.105059270858765  -7.024249520301819   1.685607004165650
   0.000000000000000   0.000000000000000   0.000000000000000
Si              85
  -6.136075387001037  -6.349610581398010  -1.299157905578613
   0.000000000000000   0.000000000000000   0.000000000000000
Si              86
  -0.344105472564697  -4.117571010589599   1.922858762741090
   0.000000000000000   0.000000000000000   0.000000000000000
Si              87
  -0.181258621215820   5.781545476913452   7.655864510536192
   0.000000000000000   0.000000000000000   0.000000000000000
Si              88
  -5.371048264503479  -7.319531078338622   5.364567975997925
   0.000000000000000   0.000000000000000   0.000000000000000
Si              89
  -7.635838050842285  -1.118945603370666  -5.614737253189086
   0.000000000000000   0.000000000000000   0.000000000000000
Si              90
  -3.365952272415161  -7.576619839668274   0.853331279754638
   0.000000000000000   0.000000000000000   0.000000000000000
Si              91
   2.356564450263978   1.201772732734680   7.117647485733032
   0.000000000000000   0.000000000000000   0.000000000000000
Si              92
  -3.095330257415771   7.655855898857117  -5.478754534721374
   0.000000000000000   0.000000000000000   0.000000000000000
Si              93
   2.496525764465332   5.773278264999389  -4.890671582221985
   0.000000000000000   0.000000000000000   0.000000000000000
Si              94
   6.355169420242309   4.550656657218934  -1.175860190391541
   0.000000000000000   0.000000000000000   0.000000000000000
Si              95
  -5.009934725761413  -6.206402664184569   3.558922777175903
   0.000000000000000   0.000000000000000   0.000000000000000
Si              96
  -7.368462638854980  -4.277989368438720  -3.297243990898132
   0.000000000000000   0.000000000000000   0.000000000000000
Si              97
  -8.207967867851258  -9.022947034835815   1.185509576797486
   0.000000000000000   0.000000000000000   0.000000000000000
Si              98
  -2.502411847114563   3.754313163757324  -2.887392654418945
   0.000000000000000   0.000000000000000   0.000000000000000
Si              99
  -1.151829299926757   1.547914867401122  -8.643292551040648
   0.000000000000000   0.000000000000000   0.000000000000000
Si             100
   8.004990592002867  -7.070692305564879  -2.278779458999634
   0.000000000000000   0.000000000000000   0.000000000000000
Si             101
   5.815380764007568  -1.602099552154541   1.019385981559754
   0.000000000000000   0.000000000000000   0.000000000000000
Si             102
  -6.097258243560791  -4.133907365798950  -1.722615694999694
   0.000000000000000   0.000000000000000   0.000000000000000
Si             103
  -1.777265410423278   0.765741891860962  -6.891354088783263
   0.000000000000000   0.000000000000000   0.000000000000000
Si             104
  -4.181723713874817   7.317137031555175   8.648364830017089
   0.000000000000000   0.000000000000000   0.000000000000000
Si             105
   1.625415673255921  -6.389439597129821  -2.523445873260498
   0.000000000000000   0.000000000000000   0.000000000000000
Si             106
  -6.634601182937621  -5.268849163055419  -5.331391482353210
   0.000000000000000   0.000000000000000   0.000000000000000
Si             107
  -8.965098080635070  -1.768037996292114  -6.643875961303710
   0.000000000000000   0.000000000000000   0.000000000000000
Si             108
   1.377369174957275  -3.406939558982849   7.880444183349608
   0.000000000000000   0.000000000000000   0.000000000000000
Si             109
  -5.390028405189514  -1.199322710037231  -2.019555001258850
   0.000000000000000   0.000000000000000   0.000000000000000
Si             110
  -7.883540081977843   7.623475985527039  -7.917780117988586
   0.000000000000000   0.000000000000000   0.000000000000000
Si             111
  -8.036302657127379   4.647464847564697   0.511482067108155
   0.000000000000000   0.000000000000000   0.000000000000000
Si             112
  -0.069095807075501  -5.387014317512512  -4.701903576850891
   0.000000000000000   0.000000000000000   0.000000000000000
Si             113
   5.692483491897583  -8.305882658958435   6.894747090339660
   0.000000000000000   0.000000000000000   0.000000000000000
Si             114
  -8.938931493759155   4.519090547561644  -7.983719744682311
   0.000000000000000   0.000000000000000   0.000000000000000
Si             115
  -3.039401707649231   8.583673896789550   2.534666891098022
   0.000000000000000   0.000000000000000   0.000000000000000
Si             116
  -3.322941241264343  -7.133187260627746  -5.160962047576904
   0.000000000000000   0.000000000000000   0.000000000000000
Si             117
   1.931177644729614   3.518236899375916   2.588722400665283
   0.000000000000000   0.000000000000000   0.000000000000000
Si             118
  -6.188546347618102  -3.323531141281127   1.008690276145934
   0.000000000000000   0.000000000000000   0.000000000000000
Si             119
  -5.280048651695251   5.083396654129029  -5.146175794601440
   0.000000000000000   0.000000000000000   0.000000000000000
Si             120
  -2.414783706665039  -4.428788480758667   8.693520169258116
   0.000000000000000   0.000000000000000   0.000000000000000
Si             121
   6.661607408523560   7.739367656707762   7.503291392326355
   0.000000000000000   0.000000000000000   0.000000000000000
Si             122
  -5.145753822326659   4.710235376358032   8.003035740852356
   0.000000000000000   0.000000000000000   0.000000000000000
Si             123
   1.727580327987670  -4.980099563598633   7.577687687873839
   0.000000000000000   0.000000000000000   0.000000000000000
Si             124
  -0.864952740669251   1.105640559196472  -1.216287717819214
   0.000000000000000   0.000000000000000   0.000000000000000
Si             125
  -0.304504666328430  -6.762721438407898   8.601861763000487
   0.000000000000000   0.000000000000000   0.000000000000000
Si             126
   1.206616802215576  -1.729487814903259  -8.950626153945922
   0.000000000000000   0.000000000000000   0.000000000000000
Si             127
   6.677676801681518   6.937026128768920  -4.747597146034241
   0.000000000000000   0.000000000000000   0.000000000000000
Si             128
   8.982187957763673   0.152086558341979  -8.382909822463988
   0.000000000000000   0.000000000000000   0.000000000000000
Si             129
  -5.486160578727722   8.497905879020690   5.882900633811950
   0.000000000000000   0.000000000000000   0.000000000000000
Si             130
  -4.536916723251342  -2.629442725181580  -0.151608610153199
   0.000000000000000   0.000000000000000   0.000000000000000
O              131
  -1.567467684745789   5.135695381164551   6.949904894828796
   0.000000000000000   0.000000000000000   0.000000000000000
O              132
   3.490089626312256  -0.904402842521668   6.265302243232727
   0.000000000000000   0.000000000000000   0.000000000000000
O              133
   3.642275218963622  -7.660510511398315  -0.409696326255798
   0.000000000000000   0.000000000000000   0.000000000000000
O              134
  -4.874851927757263   6.601915555000305  -2.235957884788513
   0.000000000000000   0.000000000000000   0.000000000000000
O              135
   3.124080348014830   6.017725081443785   3.938069171905518
   0.000000000000000   0.000000000000000   0.000000000000000
O              136
  -2.744615321159363  -3.457782912254333   2.168149523735046
   0.000000000000000   0.000000000000000   0.000000000000000
O              137
  -4.979703426361084  -3.790508050918579   8.617306809425353
   0.000000000000000   0.000000000000000   0.000000000000000
O              138
   7.939072494506837   4.776846714019776   7.801414804458618
   0.000000000000000   0.000000000000000   0.000000000000000
O              139
   2.824966592788696  -0.472109470367432  -6.346135768890381
   0.000000000000000   0.000000000000000   0.000000000000000
O              140
   2.901946392059326  -7.006612801551818  -8.930741786956787
   0.000000000000000   0.000000000000000   0.000000000000000
O              141
  -2.270852408409119  -5.424505262374877  -2.730449109077454
   0.000000000000000   0.000000000000000   0.000000000000000
O              142
  -2.762497472763061   3.028486404418945   6.715826539993285
   0.000000000000000   0.000000000000000   0.000000000000000
O              143
  -2.067319679260254   2.031985960006713   0.136030082702638
   0.000000000000000   0.000000000000000   0.000000000000000
O              144
   0.395672206878663   3.991332406997680   7.534607763290404
   0.000000000000000   0.000000000000000   0.000000000000000
O              145
  -2.548256120681763  -8.221630296707152  -3.859048404693604
   0.000000000000000   0.000000000000000   0.000000000000000
O              146
  -2.221477346420288  -6.287942347526550   5.702808895111083
   0.000000000000000   0.000000000000000   0.000000000000000
O              147
   8.804619441032409  -4.347347831726074   4.923753347396850
   0.000000000000000   0.000000000000000   0.000000000000000
O              148
   2.666360993385315   6.739129743576049  -7.738291196823120
   0.000000000000000   0.000000000000000   0.000000000000000
O              149
  -3.503050203323364  -0.105501680374145  -3.271408953666687
   0.000000000000000   0.000000000000000   0.000000000000000
O              150
  -7.897874221801757   1.475736079216004   6.338273305892944
   0.000000000000000   0.000000000000000   0.000000000000000
O              151
  -8.569546437263488   0.172745976448059  -4.246642856597900
   0.000000000000000   0.000000000000000   0.000000000000000
O              152
  -0.163346328735351  -0.192776741981506  -7.188388123512268
   0.000000000000000   0.000000000000000   0.000000000000000
O              153
   5.323658194541931   5.524095025062561  -2.992963228225708
   0.000000000000000   0.000000000000000   0.000000000000000
O              154
  -5.618939752578735  -1.725130305290222  -7.948166427612304
   0.000000000000000   0.000000000000000   0.000000000000000
O              155
  -3.902993803024292  -3.692851610183715   6.495677576065063
   0.000000000000000   0.000000000000000   0.000000000000000
O              156
  -5.052286963462829   4.393954238891601   1.871326475143432
   0.000000000000000   0.000000000000000   0.000000000000000
O              157
   8.249730205535888   6.663967008590697  -6.793999056816101
   0.000000000000000   0.000000000000000   0.000000000000000
O              158
   6.689883856773376  -4.675112643241882   4.458373904228210
   0.000000000000000   0.000000000000000   0.000000000000000
O              159
   0.992009453773498   3.340069870948792   6.087561492919921
   0.000000000000000   0.000000000000000   0.000000000000000
O              160
   3.769026217460633  -8.433365650177002  -4.688990364074707
   0.000000000000000   0.000000000000000   0.000000000000000
O              161
  -4.683931002616882   0.737396550178527   4.282833437919617
   0.000000000000000   0.000000000000000   0.000000000000000
O              162
   1.372447600364685   4.116227588653564  -6.391437506675720
   0.000000000000000   0.000000000000000   0.000000000000000
O              163
   0.011892728805542   1.270209746360779   1.503625001907348
   0.000000000000000   0.000000000000000   0.000000000000000
O              164
   7.366817808151245  -5.241804184913635  -2.317820506095886
   0.000000000000000   0.000000000000000   0.000000000000000
O              165
   0.342434806823730  -5.797989478111267   4.999204573631287
   0.000000000000000   0.000000000000000   0.000000000000000
O              166
   6.542047162055969   2.963029031753539   8.217651700973510
   0.000000000000000   0.000000000000000   0.000000000000000
O              167
   2.451133604049682   1.390626854896546   2.681035294532776
   0.000000000000000   0.000000000000000   0.000000000000000
O              168
  -8.521209082603454  -0.103241114616393  -1.353415789604187
   0.000000000000000   0.000000000000000   0.000000000000000
O              169
   8.778620781898498  -7.881369938850402   7.943856282234192
   0.000000000000000   0.000000000000000   0.000000000000000
O              170
  -5.176734337806701   7.764952955245972   4.041762399673461
   0.000000000000000   0.000000000000000   0.000000000000000
O              171
   3.663886227607726  -5.648245296478271  -6.654997944831848
   0.000000000000000   0.000000000000000   0.000000000000000
O              172
  -4.939064912796020  -7.051380615234375  -2.778157811164855
   0.000000000000000   0.000000000000000   0.000000000000000
O              173
  -7.330721955299377  -2.104104466438294  -2.149298558235168
   0.000000000000000   0.000000000000000   0.000000000000000
O              174
  -0.441172013282776   7.946771335601808   7.758055000305175
   0.000000000000000   0.000000000000000   0.000000000000000
O              175
  -2.361382684707642   8.144874401092528  -3.889305539131164
   0.000000000000000   0.000000000000000   0.000000000000000
O              176
   3.100281972885131   3.391085457801818  -3.368380765914917
   0.000000000000000   0.000000000000000   0.000000000000000
O              177
   5.735533275604247  -7.119262175559997  -5.879585137367249
   0.000000000000000   0.000000000000000   0.000000000000000
O              178
   6.200886883735656  -5.898621253967285  -6.748098807334900
   0.000000000000000   0.000000000000000   0.000000000000000
O              179
   4.080338416099549   4.465457010269164  -6.381236972808837
   0.000000000000000   0.000000000000000   0.000000000000000
O              180
   2.536432285308837   8.274609346389768  -8.643055729866028
   0.000000000000000   0.000000000000000   0.000000000000000
O              181
  -7.206627659797668   6.697767848968505   1.451993680000305
   0.000000000000000   0.000000000000000   0.000000000000000
O              182
  -5.880390329360962  -7.328297767639159   2.517241158485412
   0.000000000000000   0.000000000000000   0.000000000000000
O              183
   5.465393514633178   3.780996451377868  -5.882366709709167
   0.000000000000000   0.000000000000000   0.000000000000000
O              184
  -4.455570802688598  -7.986501317024230  -7.205508141517639
   0.000000000000000   0.000000000000000   0.000000000000000
O              185
   4.070912933349609   8.584866614341736   4.554454407691955
   0.000000000000000   0.000000000000000   0.000000000000000
O              186
   8.466572284698485   2.960312047004699  -1.301694045066833
   0.000000000000000   0.000000000000000   0.000000000000000
O              187
  -5.794540500640869   8.802281370162964  -7.532493596076964
   0.000000000000000   0.000000000000000   0.000000000000000
O              188
   2.264294614791870   3.643282785415650  -8.784080586433410
   0.000000000000000   0.000000000000000   0.000000000000000
O              189
  -8.959767451286316  -2.518270254135132   8.128848066329956
   0.000000000000000   0.000000000000000   0.000000000000000
O              190
   4.258001661300659  -7.515020499229431   6.696557908058166
   0.000000000000000   0.000000000000000   0.000000000000000
O              191
  -0.851049184799194   0.001571631431579   8.407341156005858
   0.000000000000000   0.000000000000000   0.000000000000000
O              192
   0.772058558464050   8.972297444343566  -3.591625628471374
   0.000000000000000   0.000000000000000   0.000000000000000
O              193
  -7.898399534225463  -7.351213445663451  -3.321472949981689
   0.000000000000000   0.000000000000000   0.000000000000000
O              194
   5.115866990089415  -1.232787694931030  -4.607958769798278
   0.000000000000000   0.000000000000000   0.000000000000000
O              195
   0.176362881660461   2.300915780067443   5.072451210021972
   0.000000000000000   0.000000000000000   0.000000000000000
O              196
  -3.886829681396484  -2.896167955398560  -4.184040255546569
   0.000000000000000   0.000000000000000   0.000000000000000
O              197
   4.543306589126587   1.700660219192505  -5.924533796310424
   0.000000000000000   0.000000000000000   0.000000000000000
O              198
   2.582642555236816   8.354009027481078   7.441024646759034
   0.000000000000000   0.000000000000000   0.000000000000000
O              199
  -1.023631539344787   7.061598372459413  -5.987407665252685
   0.000000000000000   0.000000000000000   0.000000000000000
O              200
  -3.021597061157227   0.775270714759827   8.742257966995238
   0.000000000000000   0.000000000000000   0.000000000000000
O              201
   2.829664263725281   6.246171398162842  -3.359665746688843
   0.000000000000000   0.000000000000000   0.000000000000000
O              202
   7.733102660179137  -7.525014352798461   1.277353134155273
   0.000000000000000   0.000000000000000   0.000000000000000
O              203
  -4.862403745651244  -0.879015612602235  -0.498306198120117
   0.000000000000000   0.000000000000000   0.000000000000000
O              204
   5.390329813957214   6.378735280036926   3.296550750732422
   0.000000000000000   0.000000000000000   0.000000000000000
O              205
  -2.926704969406128   6.380862364768982   2.908796982765198
   0.000000000000000   0.000000000000000   0.000000000000000
O              206
   2.552256245613098   3.336814656257630   5.607202033996582
   0.000000000000000   0.000000000000000   0.000000000000000
O              207
   3.220811033248902   6.394098515510558   8.644399151802061
   0.000000000000000   0.000000000000000   0.000000000000000
O              208
   1.502720775604248   8.384339361190795  -6.541719918251037
   0.000000000000000   0.000000000000000   0.000000000000000
O              209
   2.626850609779357  -7.198248496055602   3.001566295623778
   0.000000000000000   0.000000000000000   0.000000000000000
O              210
   5.801076765060424  -7.193223581314086  -2.860240030288696
   0.000000000000000   0.000000000000000   0.000000000000000
O              211
  -2.207052783966065   1.317621345520019   3.741042566299438
   0.000000000000000   0.000000000000000   0.000000000000000
O              212
   6.630036993026733   0.843311591148376  -3.534310598373413
   0.000000000000000   0.000000000000000   0.000000000000000
O              213
  -1.754862127304077  -1.979519305229187  -3.250732312202453
   0.000000000000000   0.000000000000000   0.000000000000000
O              214
  -3.536304202079773   0.861043038368225   5.501588401794434
   0.000000000000000   0.000000000000000   0.000000000000000
O              215
  -1.985952229499817  -2.969599742889404   7.846850023269655
   0.000000000000000   0.000000000000000   0.000000000000000
O              216
   1.080541820526124  -7.632910079956054  -6.081473035812378
   0.000000000000000   0.000000000000000   0.000000000000000
O              217
   8.349423308372495   2.580149474143981   2.580993418693541
   0.000000000000000   0.000000000000000   0.000000000000000
O              218
  -1.318577241897583  -1.647857708930969   8.530737905502319
   0.000000000000000   0.000000000000000   0.000000000000000
O              219
  -0.811999526023865   6.101271286010741  -0.560659060478210
   0.000000000000000   0.000000000000000   0.000000000000000
O              220
   4.371292605400086   0.255982160568237   4.045319023132324
   0.000000000000000   0.000000000000000   0.000000000000000
O              221
  -6.208521137237549   4.127599310874938   4.135642619132994
   0.000000000000000   0.000000000000000   0.000000000000000
O              222
   8.880113725662232   0.260498986244201   7.752965497970580
   0.000000000000000   0.000000000000000   0.000000000000000
O              223
   6.072473831176758   3.050200753211975  -7.594080018997191
   0.000000000000000   0.000000000000000   0.000000000000000
O              224
   8.460694813728333  -5.479374575614929  -3.864224023818969
   0.000000000000000   0.000000000000000   0.000000000000000
O              225
  -2.249878664016723   3.957613377571105   0.668421306610107
   0.000000000000000   0.000000000000000   0.000000000000000
O              226
   0.841636619567870   4.471192388534545  -0.280516834259034
   0.000000000000000   0.000000000000000   0.000000000000000
O              227
  -3.218365316390991  -1.331908121109008  -8.978674392700194
   0.000000000000000   0.000000000000000   0.000000000000000
O              228
   5.690072221755981   5.407264680862426   2.041209068298340
   0.000000000000000   0.000000000000000   0.000000000000000
O              229
  -6.681819019317627  -4.231180586814880   6.854487490653991
   0.000000000000000   0.000000000000000   0.000000000000000
O              230
  -4.516946239471435   7.940558009147642  -6.400983552932739
   0.000000000000000   0.000000000000000   0.000000000000000
O              231
  -5.618582367897034   4.248076701164246   6.263734917640686
   0.000000000000000   0.000000000000000   0.000000000000000
O              232
   2.879026408195495   5.103151845932006   1.791276612281798
   0.000000000000000   0.000000000000000   0.000000000000000
O              233
   1.386532001495361   6.109013185501098   3.104656705856323
   0.000000000000000   0.000000000000000   0.000000000000000
O              234
   5.439592924118042   3.571108303070067   6.270701766014099
   0.000000000000000   0.000000000000000   0.000000000000000
O              235
  -6.337722158432006  -0.215451292991638  -9.028329334259032
   0.000000000000000   0.000000000000000   0.000000000000000
O              236
   1.018275074958801  -6.669538764953613   3.554078707695007
   0.000000000000000   0.000000000000000   0.000000000000000
O              237
  -0.351106767654420   4.570175027847290   1.814132008552551
   0.000000000000000   0.000000000000000   0.000000000000000
O              238
  -7.357840132713317  -6.353726963996887   1.708320307731629
   0.000000000000000   0.000000000000000   0.000000000000000
O              239
   7.955761928558347  -3.682422866821288   1.198706974983216
   0.000000000000000   0.000000000000000   0.000000000000000
O              240
   8.723953843116758  -5.636598000526428   8.508877158164976
   0.000000000000000   0.000000000000000   0.000000000000000
O              241
  -8.376873035430908   5.686700749397277   2.864980759620666
   0.000000000000000   0.000000000000000   0.000000000000000
O              242
   1.904003491401673  -1.687157106399536  -1.834589052200317
   0.000000000000000   0.000000000000000   0.000000000000000
O              243
   2.703864855766296   4.966118502616881  -7.695547127723693
   0.000000000000000   0.000000000000000   0.000000000000000
O              244
   0.357027297019959   4.694247794151305  -7.866333947181701
   0.000000000000000   0.000000000000000   0.000000000000000
O              245
   7.811929664611815  -1.066616735458374   6.954141840934753
   0.000000000000000   0.000000000000000   0.000000000000000
O              246
  -6.017389225959777   1.751172022819519  -5.788551077842712
   0.000000000000000   0.000000000000000   0.000000000000000
O              247
   1.718090257644652  -1.954411954879760   3.353732299804687
   0.000000000000000   0.000000000000000   0.000000000000000
O              248
   0.984866065979004  -8.352067093849181   7.248144564628602
   0.000000000000000   0.000000000000000   0.000000000000000
O              249
   4.916566901206970   8.253161959648130  -7.953664984703064
   0.000000000000000   0.000000000000000   0.000000000000000
O              250
   2.890557446479797   0.262699270248413   8.578791074752806
   0.000000000000000   0.000000000000000   0.000000000000000
O              251
  -7.832537412643433  -2.083776597976684  -3.679094452857971
   0.000000000000000   0.000000000000000   0.000000000000000
O              252
  -8.481797733306884  -5.927220640182495   0.181099305152893
   0.000000000000000   0.000000000000000   0.000000000000000
O              253
  -5.399130949974060   8.316892690658568  -2.356426663398742
   0.000000000000000   0.000000000000000   0.000000000000000
O              254
   2.117491321563721  -7.530693755149841  -3.846682033538818
   0.000000000000000   0.000000000000000   0.000000000000000
O              255
   3.653685693740844   3.565377230644225   0.228355894088745
   0.000000000000000   0.000000000000000   0.000000000000000
O              256
  -8.827057170867919   6.604688515663147   8.259508767127992
   0.000000000000000   0.000000000000000   0.000000000000000
O              257
  -0.239172163009643   7.658469543457032   2.328348283767699
   0.000000000000000   0.000000000000000   0.000000000000000
O              258
   1.402842521667480  -8.727566442489623  -0.851600332260132
   0.000000000000000   0.000000000000000   0.000000000000000
O              259
   4.867420048713683  -5.041311378479003   8.241811766624449
   0.000000000000000   0.000000000000000   0.000000000000000
O              260
  -8.480785861015319  -7.012628059387207  -1.640628204345703
   0.000000000000000   0.000000000000000   0.000000000000000
O              261
   3.619139943122864   0.844134006500244  -7.798689208030700
   0.000000000000000   0.000000000000000   0.000000000000000
O              262
   0.640200834274292  -3.888956766128540  -2.523398509025574
   0.000000000000000   0.000000000000000   0.000000000000000
O              263
  -5.817774810791015  -2.435636887550354   6.284024033546448
   0.000000000000000   0.000000000000000   0.000000000000000
O              264
   0.771270589828491  -4.262755308151245  -0.049487013816833
   0.000000000000000   0.000000000000000   0.000000000000000
O              265
  -0.955310783386230  -0.531809935569763   1.630406141281128
   0.000000000000000   0.000000000000000   0.000000000000000
O              266
  -4.420727949142456  -0.306903018951417   7.063217368125914
   0.000000000000000   0.000000000000000   0.000000000000000
O              267
  -8.980775642395018   5.607804851531982  -4.724879536628722
   0.000000000000000   0.000000000000000   0.000000000000000
O              268
  -1.172247591018676   1.522359709739685  -4.692435035705566
   0.000000000000000   0.000000000000000   0.000000000000000
O              269
   2.332090058326720   5.282502980232238   0.107275686264039
   0.000000000000000   0.000000000000000   0.000000000000000
O              270
  -2.992735018730164  -1.783844733238220  -1.457741975784302
   0.000000000000000   0.000000000000000   0.000000000000000
O              271
   7.207915105819703  -3.024542255401611   5.444083914756774
   0.000000000000000   0.000000000000000   0.000000000000000
O              272
  -5.254527940750122   0.596134872436524  -4.003031373023987
   0.000000000000000   0.000000000000000   0.000000000000000
O              273
  -5.444432687759399   5.471929779052735   5.208007650375366
   0.000000000000000   0.000000000000000   0.000000000000000
O              274
  -5.812414040565491  -2.650743713378906   3.034062466621398
   0.000000000000000   0.000000000000000   0.000000000000000
O              275
  -6.854577913284301  -0.146308121681214  -2.824846029281616
   0.000000000000000   0.000000000000000   0.000000000000000
O              276
  -8.851652126312255   8.574868454933165  -0.958746843338012
   0.000000000000000   0.000000000000000   0.000000000000000
O              277
  -4.080467591285705  -6.544634971618652   7.810439844131468
   0.000000000000000   0.000000000000000   0.000000000000000
O              278
  -0.922724189758300   5.357291107177733  -7.151009130477905
   0.000000000000000   0.000000000000000   0.000000000000000
O              279
  -1.716583213806152  -8.742288107872008   4.572392535209655
   0.000000000000000   0.000000000000000   0.000000000000000
O              280
  -8.562756128311158   5.910333137512207   4.996435918807983
   0.000000000000000   0.000000000000000   0.000000000000000
O              281
   3.715177388191222   7.634447264671325  -4.104692244529724
   0.000000000000000   0.000000000000000   0.000000000000000
O              282
   3.715500326156615  -5.007123012542724   4.945325603485108
   0.000000000000000   0.000000000000000   0.000000000000000
O              283
   0.881267566680908   2.286827073097228   3.024684348106383
   0.000000000000000   0.000000000000000   0.000000000000000
O              284
   6.631522507667540   7.773254613876341  -0.933320860862732
   0.000000000000000   0.000000000000000   0.000000000000000
O              285
  -2.651557517051697   7.385793642997742   6.660384550094603
   0.000000000000000   0.000000000000000   0.000000000000000
O              286
   5.264030928611755  -3.316241354942322  -2.885368909835815
   0.000000000000000   0.000000000000000   0.000000000000000
O              287
  -8.321172695159911   2.762316627502441  -5.933257427215576
   0.000000000000000   0.000000000000000   0.000000000000000
O              288
   0.703100538253784   5.837676401138305  -6.118688406944274
   0.000000000000000   0.000000000000000   0.000000000000000
O              289
   7.633728189468384   1.840552639961242  -2.606186885833740
   0.000000000000000   0.000000000000000   0.000000000000000
O              290
  -3.048009080886841   8.333401279449463   4.207098026275634
   0.000000000000000   0.000000000000000   0.000000000000000
O              291
  -8.409903130531310  -7.625516953468322  -8.247736601829528
   0.000000000000000   0.000000000000000   0.000000000000000
O              292
   2.648620934486390  -2.455637512207031  -4.770641999244690
   0.000000000000000   0.000000000000000   0.000000000000000
O              293
   6.242705197334288  -7.399072852134704   4.990502471923827
   0.000000000000000   0.000000000000000   0.000000000000000
O              294
   4.737698020935058  -0.023673505783082  -0.519977488517760
   0.000000000000000   0.000000000000000   0.000000000000000
O              295
  -5.712755384445190  -7.291310606002807  -7.950840353965758
   0.000000000000000   0.000000000000000   0.000000000000000
O              296
  -3.821949291229248   3.944308333396911  -6.234971909523010
   0.000000000000000   0.000000000000000   0.000000000000000
O              297
  -4.007918500900268   2.720717911720275  -0.769866886138916
   0.000000000000000   0.000000000000000   0.000000000000000
O              298
   3.911472001075744   1.775465569496154   5.132737269401551
   0.000000000000000   0.000000000000000   0.000000000000000
O              299
   5.136246528625488  -1.834800038337708   8.999484515190124
   0.000000000000000   0.000000000000000   0.000000000000000
O              300
  -1.585737361907959   5.124371023178099  -2.808117842674255
   0.000000000000000   0.000000000000000   0.000000000000000
O              301
  -5.234204378128052  -0.951896252632141   2.697978773117065
   0.000000000000000   0.000000000000000   0.000000000000000
O              302
  -0.028461599349976  -8.784420747756958   0.779645447731019
   0.000000000000000   0.000000000000000   0.000000000000000
O              303
  -8.037542738914489   1.861315398216247   3.208121724128723
   0.000000000000000   0.000000000000000   0.000000000000000
O              304
  -8.213143486976623  -5.652615723609924  -7.880637946128845
   0.000000000000000   0.000000000000000   0.000000000000000
O              305
   2.160024404525757   2.977604298591613   0.343171105384826
   0.000000000000000   0.000000000000000   0.000000000000000
O              306
   6.568502240180969  -3.955662832260131  -3.917409753799438
   0.000000000000000   0.000000000000000   0.000000000000000
O              307
  -5.797894749641419   6.572648763656616  -6.485395231246947
   0.000000000000000   0.000000000000000   0.000000000000000
O              308
  -7.901026096343994   2.678081488609314   5.020122342109680
   0.000000000000000   0.000000000000000   0.000000000000000
O              309
  -3.108704195022582  -0.403306460380554  -5.809847760200499
   0.000000000000000   0.000000000000000   0.000000000000000
O              310
   3.974182248115540   8.211601996421814  -2.069283142089843
   0.000000000000000   0.000000000000000   0.000000000000000
O              311
   5.167188291549682  -5.569668030738830  -4.373889026641845
   0.000000000000000   0.000000000000000   0.000000000000000
O              312
  -1.837960524559021  -7.988206429481506   0.291862721443175
   0.000000000000000   0.000000000000000   0.000000000000000
O              313
  -6.983029718399047   8.215227513313293   4.645626254081726
   0.000000000000000   0.000000000000000   0.000000000000000
O              314
   2.665736646652222  -3.786774888038635  -0.858933176994324
   0.000000000000000   0.000000000000000   0.000000000000000
O              315
   2.460223231315613  -8.413365025520324   6.432394652366638
   0.000000000000000   0.000000000000000   0.000000000000000
O              316
  -2.828958106040955   5.719463882446288  -6.338682360649108
   0.000000000000000   0.000000000000000   0.000000000000000
O              317
   7.475497198104859  -2.724472603797913  -8.053758530616760
   0.000000000000000   0.000000000000000   0.000000000000000
O              318
  -5.196760797500610  -3.797139043807984   5.528086538314819
   0.000000000000000   0.000000000000000   0.000000000000000
O              319
  -2.644745678901672  -4.510754442214965   3.683266811370849
   0.000000000000000   0.000000000000000   0.000000000000000
O              320
  -4.952834987640380  -3.747148246765136  -3.060969657897949
   0.000000000000000   0.000000000000000   0.000000000000000
O              321
   1.004057192802430   7.195535817146302   5.639155669212341
   0.000000000000000   0.000000000000000   0.000000000000000
O              322
   2.085175995826720  -8.865964736938476   2.848050198554992
   0.000000000000000   0.000000000000000   0.000000000000000
O              323
  -4.517841854095459  -7.069490976333618  -0.177723526954651
   0.000000000000000   0.000000000000000   0.000000000000000
O              324
  -8.748286142349242  -5.932331671714783   4.597801294326782
   0.000000000000000   0.000000000000000   0.000000000000000
O              325
  -6.487728996276855   7.024856643676758   8.556194028854369
   0.000000000000000   0.000000000000000   0.000000000000000
O              326
  -7.803925108909606  -8.791064658164977  -2.519467277526855
   0.000000000000000   0.000000000000000   0.000000000000000
O              327
   1.499332079887390   5.580424017906189   4.654496283531188
   0.000000000000000   0.000000000000000   0.000000000000000
O              328
   7.089073934555055   4.250690345764159  -3.991849107742309
   0.000000000000000   0.000000000000000   0.000000000000000
O              329
   1.905936813354492  -5.351129450798034   2.374554247856141
   0.000000000000000   0.000000000000000   0.000000000000000
O              330
  -3.407305555343628   1.727731032371521  -2.498945646286010
   0.000000000000000   0.000000000000000   0.000000000000000
O              331
   7.836546149253843  -2.746337656974792   3.713790907859803
   0.000000000000000   0.000000000000000   0.000000000000000
O              332
   2.325015563964843  -5.247500810623169  -7.695426564216613
   0.000000000000000   0.000000000000000   0.000000000000000
O              333
  -2.392699055671692   5.558963713645934   5.179502992630004
   0.000000000000000   0.000000000000000   0.000000000000000
O              334
  -2.310905327796936   7.742756352424623  -7.788411169052123
   0.000000000000000   0.000000000000000   0.000000000000000
O              335
  -0.946229767799377   7.642077212333680  -2.265831799507141
   0.000000000000000   0.000000000000000   0.000000000000000
O              336
   6.751638207435608   3.870751676559449   3.671653962135315
   0.000000000000000   0.000000000000000   0.000000000000000
O              337
   0.003410224914552   3.208087277412414  -8.806785278320312
   0.000000000000000   0.000000000000000   0.000000000000000
O              338
   4.123078179359435   0.384459800720215  -3.809780988693237
   0.000000000000000   0.000000000000000   0.000000000000000
O              339
  -8.262888851165771   7.050971560478208  -4.039730043411255
   0.000000000000000   0.000000000000000   0.000000000000000
O              340
  -8.142166028022766  -4.728384490013123  -5.937313528060913
   0.000000000000000   0.000000000000000   0.000000000000000
O              341
   5.525365247726439   0.334959869384766  -4.986364560127258
   0.000000000000000   0.000000000000000   0.000000000000000
O              342
  -7.782748990058899   3.960558571815490  -4.008874397277832
   0.000000000000000   0.000000000000000   0.000000000000000
O              343
  -7.494184541702269  -4.268133301734924  -0.158911314010620
   0.000000000000000   0.000000000000000   0.000000000000000
O              344
   7.650103297233580   6.165609140396118  -2.850737042427062
   0.000000000000000   0.000000000000000   0.000000000000000
O              345
   3.825040884017945  -6.112040190696716   0.273257188796997
   0.000000000000000   0.000000000000000   0.000000000000000
O              346
   8.672137370109558   8.458572034835816  -5.097696347236633
   0.000000000000000   0.000000000000000   0.000000000000000
O              347
  -0.316896872520447   1.663797926902770   6.643923325538635
   0.000000000000000   0.000000000000000   0.000000000000000
O              348
  -0.503869342803956   1.664697847366332   3.694048633575440
   0.000000000000000   0.000000000000000   0.000000000000000
O              349
  -2.761830067634582  -3.873800210952759  -0.634663524627685
   0.000000000000000   0.000000000000000   0.000000000000000
O              350
   6.676139616966248  -0.832077655792236  -6.262245097160339
   0.000000000000000   0.000000000000000   0.000000000000000
O              351
   6.997910699844359   7.237341213226317   3.928523125648498
   0.000000000000000   0.000000000000000   0.000000000000000
O              352
  -0.600914354324340  -3.993851323127746   4.429542002677918
   0.000000000000000   0.000000000000000   0.000000000000000
O              353
   2.449854769706725  -2.088818736076355   1.894793300628661
   0.000000000000000   0.000000000000000   0.000000000000000
O              354
   6.025505733489990   8.264025592803955  -5.964483375549316
   0.000000000000000   0.000000000000000   0.000000000000000
O              355
   8.443346586227415  -8.106440477371216  -0.266936216354370
   0.000000000000000   0.000000000000000   0.000000000000000
O              356
   6.905894908905029  -4.221526894569397   6.548544673919677
   0.000000000000000   0.000000000000000   0.000000000000000
O              357
   6.319633326530456   3.235528392791748   0.912717418670654
   0.000000000000000   0.000000000000000   0.000000000000000
O              358
  -0.984732584953308  -7.429045801162719   6.906523561477661
   0.000000000000000   0.000000000000000   0.000000000000000
O              359
   2.147477188110351   8.773565726280212  -2.513706064224243
   0.000000000000000   0.000000000000000   0.000000000000000
O              360
   7.145200552940368   8.517053947448728   2.622932295799256
   0.000000000000000   0.000000000000000   0.000000000000000
O              361
  -7.296034111976623   2.973350129127502   1.090552897453309
   0.000000000000000   0.000000000000000   0.000000000000000
O              362
  -1.936525497436524  -3.052534518241882   4.571195511817931
   0.000000000000000   0.000000000000000   0.000000000000000
O              363
   2.721591997146605  -4.167665147781372   8.809140572547912
   0.000000000000000   0.000000000000000   0.000000000000000
O              364
  -6.907574186325073  -5.849650940895080   3.568249225616455
   0.000000000000000   0.000000000000000   0.000000000000000
O              365
   8.402032055854798   1.845405321121216   6.758200306892395
   0.000000000000000   0.000000000000000   0.000000000000000
O              366
   5.746250510215759  -7.646994481086731  -8.064501600265503
   0.000000000000000   0.000000000000000   0.000000000000000
O              367
  -6.317794733047485  -8.380511469841004  -1.271746931076049
   0.000000000000000   0.000000000000000   0.000000000000000
O              368
   8.820060181617736   2.299029822349548  -8.553533020019531
   0.000000000000000   0.000000000000000   0.000000000000000
O              369
  -1.596958379745483  -2.855404572486878  -5.309194879531860
   0.000000000000000   0.000000000000000   0.000000000000000
O              370
  -5.724721312522888   8.335003051757811  -4.999122762680053
   0.000000000000000   0.000000000000000   0.000000000000000
O              371
   6.182169399261474   4.574851169586180   8.123784399032592
   0.000000000000000   0.000000000000000   0.000000000000000
O              372
   2.847636837959289   1.258011302947997  -4.854907279014587
   0.000000000000000   0.000000000000000   0.000000000000000
O              373
   5.387281279563904  -8.750279746055602  -3.310488753318786
   0.000000000000000   0.000000000000000   0.000000000000000
O              374
   6.754725494384765   1.552354187965394  -6.250292086601257
   0.000000000000000   0.000000000000000   0.000000000000000
O              375
   6.426504263877868  -6.574168725013733  -0.902788152694702
   0.000000000000000   0.000000000000000   0.000000000000000
O              376
  -2.745864014625549  -6.373688836097717  -8.710721998214721
   0.000000000000000   0.000000000000000   0.000000000000000
O              377
   4.324750785827636  -5.376124849319458  -2.322612905502319
   0.000000000000000   0.000000000000000   0.000000000000000
O              378
   3.843521547317504  -2.496293249130249  -1.795569534301758
   0.000000000000000   0.000000000000000   0.000000000000000
O              379
  -7.983284854888915  -7.268618831634521  -5.822274413108826
   0.000000000000000   0.000000000000000   0.000000000000000
O              380
  -4.909712004661560  -1.348502826690674   1.078492240905762
   0.000000000000000   0.000000000000000   0.000000000000000
O              381
  -4.126053514480590   3.874166207313538   6.854797511100768
   0.000000000000000   0.000000000000000   0.000000000000000
O              382
   4.620114154815674  -7.696912078857421   1.795237984657287
   0.000000000000000   0.000000000000000   0.000000000000000
O              383
   0.462412719726563   5.975316867828369  -4.471971745491028
   0.000000000000000   0.000000000000000   0.000000000000000
O              384
   6.818021335601806  -0.211756882667542  -1.144642853736878
   0.000000000000000   0.000000000000000   0.000000000000000
O              385
  -4.099520931243896  -1.711080350875855  -6.589734334945678
   0.000000000000000   0.000000000000000   0.000000000000000
O              386
   8.962738480567930  -1.653442382812500   5.003187475204468
   0.000000000000000   0.000000000000000   0.000000000000000
O              387
   1.699704322814942  -3.948657231330872   5.449754705429077
   0.000000000000000   0.000000000000000   0.000000000000000
O              388
   1.702115592956543   0.427169423103333  -8.384352278709411
   0.000000000000000   0.000000000000000   0.000000000000000
O              389
   6.409560785293579  -2.407097783088684  -1.668784089088440
   0.000000000000000   0.000000000000000   0.000000000000000
O              390
   3.565157632827759  -3.453800010681152  -3.167831983566284
   0.000000000000000   0.000000000000000   0.000000000000000
