Glass_number	Filename	Si_O_Si_Bond_angle	O_Si_O_bond_angle	number_bridge_oxygen	env_chem_si	env_chem_al	Activation_barrier	initial_water_si_distance	Stress	Shear
glass_num_0	O_538_Si_597	165.35545032386545	163.81798594814106	4	4	0	0.9030595434025813	3.254	-0.25200705000171020	3.7174977532947066E-002
glass_num_0	O_1_Si_606	134.17943805960167	161.83465481282497	4	4	0	1.1253524618186677	3.273	-0.22599511778203971	0.15897644941362299
glass_num_0	O_238_Si_614	125.79687236707547	153.50731445326662	3	3	0	0.8339511116873439	3.396	-0.18227894642547215	0.16462019316191087
glass_num_0	O_430_Si_623	167.9709495455831	158.20800630740263	4	4	0	1.1666117307828012	3.278	-0.25449481784156153	8.0671810068378424E-002
glass_num_0	O_49_Si_627	128.2615680048262	146.03567711091554	4	4	0	1.201376840681876	3.321	-0.25513884559756156	0.11608565761708943
glass_num_0	O_73_Si_632	133.15599866925362	159.9426288060209	4	4	0	0.5378266210062581	3.247	-0.12951302594605582	0.19898747662836608
glass_num_0	O_133_Si_637	151.95749787993324	142.18411521430008	4	4	0	1.793488417075038	3.440	-0.23234716019784782	7.2753541596310173E-002
glass_num_0	O_391_Si_651	150.38891673923936	151.66690894811632	3	3	0	1.0849295892180866	3.166	-0.24937456486933671	8.7347956423551310E-002
glass_num_0	O_241_Si_656	158.54791135661935	163.2510289502162	4	4	0	1.1378763162283678	3.306	-0.16073805830782620	9.8118909906550700E-002
glass_num_0	O_229_Si_665	143.61269726266522	158.58794544427357	3	3	0	1.619218190746004	3.436	-0.17753459354634235	8.5012307435829493E-002
glass_num_0	O_364_Si_666	142.2374937015118	169.19599250152382	4	4	0	1.2564241173697799	3.126	-0.30194752117273832	0.10561123242446521
glass_num_0	O_577_Si_676	146.617944816209	176.63722492358113	3	3	0	1.1623369650745028	3.046	-0.20530369113885136	7.6043109260022584E-002
glass_num_0	O_436_Si_677	144.16925616211626	175.02387665745846	4	4	0	1.5117647239459284	3.373	-0.26993570726408506	8.1308123447391287E-002
glass_num_0	O_454_Si_688	149.41621541076935	173.595867040439	2	2	0	1.5863702932130648	3.394	-0.20587878943110369	8.6299858585571668E-002
glass_num_0	O_244_Si_694	149.33295854799132	174.5299287440401	4	4	0	1.2512197376096301	2.896	-0.25408936629508183	0.10036008407138930
glass_num_0	O_463_Si_699	149.62222716826486	166.88660311907165	3	3	0	1.6862321411868164	3.295	-0.18643338687530839	8.0861816229313321E-002
glass_num_0	O_124_Si_706	134.7139622708562	176.80226278380016	3	3	0	0.8225942830472324	3.056	-0.16796991371262093	0.13593227277750861
glass_num_0	O_277_Si_715	125.79687236707547	164.3448724350315	4	4	0	1.2524829763362073	3.068	-0.16032732764329374	0.17393790808698731
glass_num_2	O_355_Si_601	158.4944362597664	169.3601700005646	3	3	0	1.1658337903471656	3.108	-0.27377329083172519	0.10687742313076401
glass_num_2	O_157_Si_605	140.81224938788213	166.16498857424443	4	4	0	1.0205850759131765	3.064	-0.17004539089822143	0.16345764588008904
glass_num_2	O_136_Si_615	154.47095989100458	171.7790295594399	3	3	0	1.0076631378406098	2.921	-0.20371440026629362	7.9448853254177595E-002
glass_num_2	O_67_Si_621	169.20872928980722	165.70036460350917	4	4	0	1.4568206601430211	3.148	-0.23133845652257581	7.1261805313372506E-002
glass_num_2	O_151_Si_625	130.3312817599551	160.456969765635	3	3	0	1.650051086823676	3.188	-0.16863007041390929	0.13657393070858573
glass_num_2	O_379_Si_627	143.69320330656095	133.83542454368015	4	4	0	1.3226476236837366	3.459	-0.17182715526157247	0.12293703653395610
glass_num_2	O_100_Si_641	133.90052163081188	175.47541115800936	3	3	0	1.489236297566917	3.099	-0.21800263354267022	0.10891618210064848
glass_num_2	O_493_Si_662	135.99962473657163	160.5098504931907	4	4	0	0.676758402366721	3.196	-0.21571763548430553	8.2938198633216151E-002
glass_num_2	O_445_Si_671	139.51125683493171	165.55249983250238	4	4	0	1.1219824206531823	3.449	-0.26997752482766862	0.12087614775710954
glass_num_2	O_328_Si_673	119.83496825705714	158.2908896458004	4	4	0	1.3943012778233728	3.038	-0.18155840472247553	0.15840748140956393
glass_num_2	O_208_Si_686	136.65189927738274	166.26461064665932	3	3	0	1.4755401838887812	3.166	-0.17651856456496595	0.16067886163721332
glass_num_2	O_406_Si_713	162.41741149621026	169.1050590857135	3	3	0	1.5746197459952784	3.140	-0.20694086845722162	6.1056906437916766E-002
glass_num_2	O_202_Si_716	149.37908530128757	174.27213377220508	3	3	0	1.0358431286456635	3.250	-0.28214160324460447	0.11296496117238429
glass_num_2	O_574_Si_716	155.6794727522804	163.61367461749268	3	3	0	1.2311349753618872	2.900	-0.28214160324460447	0.11296496117238429
glass_num_2	O_532_Si_721	135.82811928653243	174.5119929972208	3	3	0	1.3652319027540807	3.169	-0.24296498628396454	5.5937491496148566E-002
glass_num_3	O_178_Si_579	162.10608532262165	155.22804821578666	3	3	0	1.472613342599242	3.270	-0.20879263882953206	9.7455505182709290E-002
glass_num_3	O_475_Si_581	146.6097575958139	145.12327895765966	4	4	0	1.8046400736512753	3.497	-0.19481959908025859	0.11044085770317316
glass_num_3	O_373_Si_588	150.29478992084225	174.91781779837703	4	4	0	1.5046543269681534	3.223	-0.24881698386946102	0.10651406945247797
glass_num_3	O_370_Si_590	124.69839788774281	171.4551135445592	3	3	0	1.1796921515717842	2.984	-0.17182031957100896	8.8961173417911710E-002
glass_num_3	O_406_Si_597	129.65878363705897	160.34259879999723	3	3	0	1.4376631130269786	3.216	-0.17876818216527737	0.13723417383468742
glass_num_3	O_85_Si_609	121.86654565356012	59.97232625849659	4	4	0	0.6807829856827783	3.206	-0.12412395426743204	0.17295375733737192
glass_num_3	O_277_Si_614	158.2810514393305	170.96484314660205	3	3	0	1.3901604470917293	3.015	-0.18027060092160749	0.12095803517807686
glass_num_3	O_256_Si_615	162.08272984290193	169.7219449888869	3	3	0	0.8153852899965668	3.333	-0.18103708003706634	0.12767184999073664
glass_num_3	O_19_Si_636	149.1369172957349	174.12580445684517	3	3	0	1.391879879852551	3.238	-0.20657148712254614	0.10928803256270082
glass_num_3	O_346_Si_638	167.61278218619339	164.60846722675936	4	4	0	1.2594725739198536	3.198	-0.22970614882355997	0.13192303992270032
glass_num_3	O_481_Si_646	151.6913204673025	166.69435500785315	4	4	0	0.8360166386031903	3.268	-0.17419006888069985	0.16448560002922216
glass_num_3	O_109_Si_649	171.05488899024166	163.71322690865543	3	3	0	1.3687660411187241	3.278	-0.22589944762518269	9.9738374533965626E-002
glass_num_3	O_574_Si_651	131.77609260507847	174.3521056725773	4	4	0	1.3531113741715834	3.399	-0.17290579560332878	7.7614630037768612E-002
glass_num_3	O_166_Si_660	133.82921635555758	178.25595124818284	3	3	0	1.1743095000501447	3.087	-0.18189106205400643	0.15352218710065119
glass_num_3	O_43_Si_668	135.40494499138785	154.16698489114606	4	4	0	0.7355779398879595	3.384	-0.19158726449141220	9.9769633413563888E-002
glass_num_3	O_271_Si_670	152.85183419011264	171.3156734916513	3	3	0	1.450437958322176	3.315	-0.14182355431839105	7.0745265682911743E-002
glass_num_3	O_196_Si_674	142.42823918996677	173.1333860301867	3	3	0	1.2536714667444617	3.378	-0.18481948559700748	9.1956733926573483E-002
glass_num_3	O_4_Si_691	154.0335086524328	170.37125996405553	3	3	0	1.1227449056913037	3.145	-0.20574706299364942	7.6228042651738617E-002
glass_num_3	O_7_Si_695	123.68976283220879	161.46117424908857	4	4	0	0.8162902449309798	3.375	-0.23562477308269991	0.11969163840439770
glass_num_4	O_166_Si_593	171.89868716138685	168.94231037741002	4	4	0	1.0402424980967864	3.473	-0.18838179732715568	5.6596000718670401E-002
glass_num_4	O_37_Si_607	137.18891298152192	155.09611453768736	3	3	0	1.0587552337445152	3.490	-0.20201961856320569	0.12564035305218102
glass_num_4	O_304_Si_609	148.7828855354399	153.51386340989603	4	4	0	1.7419089058022732	3.311	-0.20226125924157348	0.11281630435459782
glass_num_4	O_142_Si_611	145.32362324763344	167.45605130311472	4	4	0	1.3725783260601838	3.318	-0.20967236800117717	8.5700666199658965E-002
glass_num_4	O_124_Si_615	165.8023234752816	156.26848084981017	3	3	0	0.5920204227960563	3.375	-0.31801721261031357	0.15689275017905976
glass_num_4	O_316_Si_615	175.09721472634683	138.17122027245372	3	3	0	0.8364357129598196	3.496	-0.31801721261031357	0.15689275017905976
glass_num_4	O_424_Si_617	168.77423803344368	167.79714411840607	4	4	0	2.3411901608359655	3.321	-0.30435138596499417	0.12508544299451674
glass_num_4	O_400_Si_628	158.80884008459049	164.32800477477255	4	4	0	1.715105530638727	3.282	-0.21986591022481058	5.0278239875671780E-002
glass_num_4	O_238_Si_632	138.09270479327478	173.79935377649016	4	4	0	0.9848877274910222	2.794	-0.23139306610234209	7.8948207146372656E-002
glass_num_4	O_415_Si_640	164.42810033099786	163.07945938638616	4	4	0	0.808443465371733	3.223	-0.28220706453548550	0.15128613613260775
glass_num_4	O_472_Si_643	131.43767578558527	175.95184895464197	3	3	0	0.8281296599889336	3.201	-0.26046193684712476	0.12058377532122617
glass_num_4	O_499_Si_658	175.36357544776362	167.71629567296503	3	3	0	1.4701797504715621	3.193	-0.20989617931456586	8.6220970009068504E-002
glass_num_4	O_328_Si_667	159.82849292470303	151.13721206936842	4	4	0	1.2352732378055222	3.283	-0.18593549801460810	0.10043691334942648
glass_num_4	O_172_Si_674	161.96418887247015	147.3255478970811	3	3	0	1.492658016854544	3.457	-0.20728278933111474	9.4458920776787733E-002
glass_num_4	O_406_Si_679	143.80827288327515	119.36785580406354	4	4	0	1.078622471394034	3.416	-0.20280347018812858	7.3755948650965061E-002
glass_num_4	O_373_Si_682	163.81046364397073	162.28944444214875	3	3	0	1.0822838751173336	3.272	-0.17415725942819607	5.6475416191530473E-002
glass_num_4	O_193_Si_691	170.47191429902395	173.60079649178033	3	3	0	1.9131007257618915	3.109	-0.21175252448371337	6.9218023533108311E-002
glass_num_4	O_235_Si_692	160.51491082031964	168.02182961107982	4	4	0	1.388282495193707	3.240	-0.25373629673516396	5.1657028916880600E-002
glass_num_6	O_94_Si_582	143.1775661997688	167.84577113527365	3	3	0	1.39855405017783	3.238	-0.17687489544553645	9.2309946442323654E-002
glass_num_6	O_301_Si_591	130.7248218239484	171.29208120078954	4	4	0	0.5532198142200712	3.348	-0.16255691245423060	0.14884070241533295
glass_num_6	O_10_Si_602	149.3900957675541	161.08874243278723	4	4	0	1.2142897324736983	2.990	-0.21242040979353347	0.13286416996573919
glass_num_6	O_514_Si_603	126.13550151036156	159.226545420839	3	3	0	0.5324175363712847	3.013	-0.21670725022285042	0.20356374755944118
glass_num_6	O_310_Si_605	133.04264973905757	171.7425016196733	3	3	0	1.4321795725799076	3.426	-0.14937294845864668	0.14014456758524843
glass_num_6	O_244_Si_617	158.33396055300116	168.9204704716551	4	4	0	1.408565535416026	3.212	-0.24564919376593849	8.4802616444314069E-002
glass_num_6	O_421_Si_619	134.74560645362286	174.74721737956543	4	4	0	1.3436468142596238	3.267	-0.23161433001591794	0.12593014481757603
glass_num_6	O_97_Si_622	145.39960894230217	164.1787027549963	4	4	0	0.7450923496906481	3.312	-0.26620917994023863	8.5164787771556921E-002
glass_num_6	O_55_Si_625	148.9677002788378	156.7562564836663	4	4	0	1.247960106915437	3.438	-0.26307214475435536	8.8731602001322019E-002
glass_num_6	O_442_Si_628	142.91449643148255	66.35877716794583	4	4	0	0.4870521714887466	3.264	-0.24642062660879874	0.13294669156034869
glass_num_6	O_187_Si_633	138.0359927702887	175.86990420944363	3	3	0	1.136674375030364	2.820	-0.21293327320263863	0.11788585789921466
glass_num_6	O_250_Si_634	143.5127316797035	167.00028521116624	4	4	0	1.4655787347045774	3.265	-0.31440464957028230	0.11120356632014598
glass_num_6	O_295_Si_635	154.1798767671511	174.30319060817808	3	3	0	1.3033759363807187	2.930	-0.24411636677970880	5.5686550984562176E-002
glass_num_6	O_409_Si_639	145.7095410044914	170.92346072731223	3	3	0	1.0728347333899566	3.219	-0.27006688320597699	0.11077578353144006
glass_num_6	O_571_Si_649	162.7735455054383	140.547121097922	4	4	0	0.1391778099999914	3.213	-0.30538501109029803	8.9013153191540337E-002
glass_num_6	O_265_Si_666	160.7744227546503	167.21675932918643	4	4	0	1.3271052533981873	3.371	-0.27947062686573032	8.5948876615556863E-002
glass_num_6	O_106_Si_672	141.18902970387572	169.6585911650896	2	2	0	1.2923657739918522	3.161	-0.20933433160828377	0.10024283402292940
glass_num_6	O_391_Si_674	172.32662492284186	154.97696768916734	3	3	0	1.521637250615714	3.486	-0.25110260599391293	0.10390285315822008
glass_num_6	O_379_Si_694	161.48192520458585	162.96773612646805	4	4	0	1.1913119712796332	3.335	-0.18298034409600372	0.13363834040114772
glass_num_6	O_475_Si_699	158.2165418302962	169.5897199965808	3	3	0	1.0253865853257917	3.148	-0.21006484729570382	9.7921625948032776E-002
glass_num_6	O_424_Si_703	160.9288341498489	158.02885789307084	4	4	0	1.35743911924166	3.329	-0.26652017951555995	7.3741207891134156E-002
glass_num_6	O_58_Si_707	176.5199334940337	164.79622296349945	3	3	0	1.265930006807746	3.359	-0.24513209294067481	6.0976490301512754E-002
glass_num_8	O_52_Si_601	171.255284705377	165.49136418433528	4	4	0	1.5314495533474488	3.412	-0.15837404150116194	0.13772485477499707
glass_num_8	O_157_Si_604	144.5627211987607	173.26679585176518	4	4	0	0.9599461973518241	2.710	-0.25779228517989911	0.13680915896234988
glass_num_8	O_223_Si_610	150.43943576973538	162.0806711716659	3	3	0	1.0239581217533844	3.337	-0.26029802070447250	0.10554654631989960
glass_num_8	O_487_Si_611	168.09311339419824	168.06856393340595	3	3	0	1.4795452820565989	3.112	-0.23914754525689819	0.10102643441662980
glass_num_8	O_256_Si_617	132.04477721270763	175.58712328411917	3	3	0	1.2052907032492992	3.266	-0.16229804668839368	0.11270937336464396
glass_num_8	O_439_Si_627	152.24326165076948	172.69635952492794	4	4	0	1.4023701035666285	3.023	-0.19292048553676114	0.11607087050189940
glass_num_8	O_124_Si_631	156.2479396399665	172.17784868600663	3	3	0	1.5309260155071103	3.041	-0.22566229393695167	0.10761663618317474
glass_num_8	O_139_Si_637	162.05988175857786	174.4063222391582	3	3	0	1.4701826616909317	3.284	-0.22353292271545544	0.10171775413202153
glass_num_8	O_442_Si_638	139.2966146603213	176.39020981782568	4	4	0	1.0405936718282596	2.521	-0.20615456133857338	0.13186855005436743
glass_num_8	O_226_Si_640	150.85750849328952	145.91818218279857	4	4	0	0.6720103946613424	3.248	-0.20894518801096318	0.11979395345423259
glass_num_8	O_181_Si_652	151.56783869387962	175.68101655107807	4	4	0	1.2826378261697131	3.298	-0.22087438631382739	0.13398758265170585
glass_num_8	O_187_Si_660	142.2345611585399	131.50890670905233	4	4	0	1.60121769583319	3.447	-0.20847284036846939	0.11109758195295948
glass_num_8	O_94_Si_669	141.1144456353919	166.5175501567579	3	3	0	1.4481900886582169	3.312	-0.19372866522512944	7.0262468106877349E-002
glass_num_8	O_211_Si_672	172.65734562347427	161.21014987310474	3	3	0	0.9757426734610377	3.481	-0.22980604176804956	7.4743295716901595E-002
glass_num_8	O_220_Si_675	151.74492696682174	173.90803008597274	2	2	0	1.487678671977936	3.380	-0.19181908103639808	7.2342219986073833E-002
glass_num_8	O_205_Si_677	131.4649466221924	150.34458467342583	4	4	0	1.4679241211507317	3.316	-0.17530650620402599	0.15177426279213210
glass_num_8	O_166_Si_680	138.17495081544178	168.5933299691816	3	3	0	1.1768038366084093	3.048	-0.20685699348677125	8.2964658600130511E-002
glass_num_8	O_541_Si_683	147.66484969926927	163.28007565504475	3	3	0	1.7098867271828426	3.312	-0.19452145317462741	0.10601970851675184
glass_num_8	O_496_Si_695	165.44400201291032	156.20454674872175	3	3	0	0.7698445100088896	3.215	-0.27697207347715685	7.3007517329446131E-002
glass_num_8	O_1_Si_696	168.02593125040045	173.7752788098994	4	4	0	1.6952920667315017	3.295	-0.27065118202183164	8.0531839792772064E-002
glass_num_8	O_268_Si_703	154.17467621961814	157.80885255765824	4	4	0	1.1125156329516377	3.455	-0.23894001758560005	8.9223908472509425E-002
glass_num_8	O_355_Si_717	140.7064695838039	173.82518429300706	3	3	0	1.3482453743925005	3.114	-0.19960675176800116	0.11488754379846862
glass_num_9	O_262_Si_603	160.3307047506542	172.944394036133	4	4	0	1.3385012800158524	3.322	-0.17493127303038403	0.23273237398908742
glass_num_9	O_205_Si_609	140.90655575243287	165.8436386865762	3	3	0	0.848604829765895	3.074	-0.19828443542930138	0.11033958738010599
glass_num_9	O_217_Si_610	152.2010525305276	154.8825066233854	3	3	0	0.8484579149511993	3.374	-0.20238401623635038	0.15844788869204943
glass_num_9	O_1_Si_626	157.30386467908255	170.59279313629014	3	3	0	1.7657438721134877	3.258	-0.18621302811335197	3.6100240401974931E-002
glass_num_9	O_433_Si_657	169.06442391947496	171.3353665382517	3	3	0	1.8845557476238768	3.458	-0.18245552655768893	0.11368860105626369
glass_num_9	O_574_Si_660	164.34057246579545	157.031321992934	2	2	0	1.2944276665966583	3.479	-0.20430540248802934	8.8406355493545266E-002
glass_num_9	O_478_Si_664	146.1013639168336	165.36974651050647	4	4	0	1.582605448930843	3.069	-0.14999470440949755	0.18137905744592686
glass_num_9	O_550_Si_670	158.2775523761181	172.94824804489082	3	3	0	1.588655889325956	2.979	-0.21273519812267636	5.2523121823779606E-002
glass_num_9	O_343_Si_670	130.0133193489972	166.92330729947997	3	3	0	1.0337534329741838	3.434	-0.21273519812267636	5.2523121823779606E-002
glass_num_9	O_139_Si_674	151.75664862523053	150.47562622597852	3	3	0	1.4432454113714883	3.310	-0.23728239086515587	9.7433971441865483E-002
glass_num_9	O_382_Si_677	143.15474304675612	164.85818483264356	2	2	0	1.0472581680798274	3.226	-0.17170059861951015	9.0425705574340112E-002
glass_num_9	O_109_Si_685	150.8157690478866	170.22781235610051	3	3	0	1.3275539727767258	3.056	-0.22725510293861043	9.1550658637077079E-002
glass_num_9	O_61_Si_696	156.77089666813418	173.5084188237181	4	4	0	0.9059481653556948	3.418	-0.18639762288574849	0.10853385405231358
glass_num_9	O_451_Si_697	157.0876585723255	169.08255720100507	3	3	0	1.5224864072067517	3.239	-0.22194051682797733	9.4773917396815024E-002
glass_num_9	O_64_Si_697	157.0876585723255	138.46757019551325	3	3	0	1.679430628786589	3.471	-0.22194051682797733	9.4773917396815024E-002
glass_num_9	O_319_Si_699	131.67442687840827	169.8544475521254	3	3	0	0.8896246384279833	3.197	-0.19675513590004723	0.11159012653519362
glass_num_9	O_352_Si_701	168.87212032332158	163.97188771950948	4	4	0	1.1291026620638855	3.262	-0.23044072177097619	6.2935925976004184E-002
glass_num_11	O_193_Si_593	154.75209478594886	168.35699025072645	2	2	0	1.4334088868546926	3.338	-0.18238656846783555	7.6189693264699224E-002
glass_num_11	O_388_Si_601	149.6310973657092	176.72874783363926	3	3	0	1.3313754867880205	3.171	-0.22017105719852026	3.8033473387566366E-002
glass_num_11	O_415_Si_602	133.47491605200312	172.70344990420736	4	4	0	0.5547798439915598	3.101	-0.29562465681077116	0.13990547574967632
glass_num_11	O_406_Si_605	134.26545415994352	165.24637334452777	3	3	0	1.2256121601724699	3.360	-0.18794929987165102	0.12043626949471328
glass_num_11	O_562_Si_605	160.04956275015547	175.60528919294575	3	3	0	1.3673998035601813	3.325	-0.18794929987165102	0.12043626949471328
glass_num_11	O_271_Si_616	148.84922067820096	164.29618964933402	3	3	0	0.551143110186751	3.311	-0.24375099767738576	8.9490726834895840E-002
glass_num_11	O_382_Si_620	167.7460101281098	151.33296976189357	4	4	0	1.8031194825759742	3.259	-0.15096941190699387	7.6880814193156413E-002
glass_num_11	O_145_Si_623	136.02007127122306	152.40279572448912	3	3	0	1.1862674169178544	3.158	-0.18369054584349623	0.10405834708407335
glass_num_11	O_169_Si_625	148.75754430793194	164.20404726633345	4	4	0	1.484977164820223	3.330	-0.19089779215366640	0.10154658522632673
glass_num_11	O_175_Si_626	141.24698237478788	153.18721984253577	3	3	0	1.3300165077727415	3.433	-0.20252727950806207	0.10175829281491497
glass_num_11	O_181_Si_645	132.8396832267523	168.36860694441953	3	3	0	1.25382142085111	3.230	-0.21815309470710828	0.10610898946370152
glass_num_11	O_454_Si_670	122.04566281705874	165.26573408703052	4	4	0	0.1934936719618595	2.709	-0.20281534690936268	0.17154649894628668
glass_num_11	O_571_Si_677	162.23385600312068	161.85113018654528	4	4	0	1.6020333208376791	3.208	-0.23742925524997371	0.11436087215559802
glass_num_11	O_259_Si_695	157.1802467128681	173.68815449375418	3	3	0	1.0006760008941382	3.297	-0.23413955591352728	4.1159135910402003E-002
glass_num_11	O_436_Si_712	160.78130427938657	160.677420221707	4	4	0	0.9690431865089197	3.279	-0.23384444257797918	1.8840581769923911E-002
glass_num_14	O_385_Si_577	156.39898439542225	171.79313062562585	3	3	0	1.5191967663288075	2.980	-0.20066077910365085	8.1782905440520692E-002
glass_num_14	O_196_Si_601	153.80369010523498	169.31012918584887	3	3	0	1.2234919510633224	2.937	-0.22762785597238946	8.8117918441989809E-002
glass_num_14	O_256_Si_605	143.63592294800475	170.8013595975619	3	3	0	1.5571198995704651	3.351	-0.22824033390580103	8.3426197386574738E-002
glass_num_14	O_157_Si_607	146.0850053281762	170.71933903167667	2	2	0	1.0992566832896695	3.125	-0.20578542635333222	6.2173471067567355E-002
glass_num_14	O_496_Si_609	133.60081060534625	160.01272320913077	4	4	0	1.6044671280286764	3.332	-0.17360173404329196	7.5784048503237070E-002
glass_num_14	O_376_Si_615	162.27240634590353	157.6379362744155	4	4	0	1.1453618950928892	3.326	-0.19432820004005616	9.9496283754463122E-002
glass_num_14	O_277_Si_616	150.21018597856408	167.4460763212753	2	2	0	1.337123061789785	3.474	-0.21082567940651623	8.9069643997647344E-002
glass_num_14	O_403_Si_628	145.2230464169863	164.3340257871902	4	4	0	1.8713047280175592	3.169	-0.18714671505362923	0.11403021779693485
glass_num_14	O_556_Si_629	148.53342561251637	173.11529402044084	4	4	0	1.4237554025704995	2.880	-0.25363157974398454	9.8827993826686333E-002
glass_num_14	O_13_Si_634	170.97608644725673	165.836636868694	3	3	0	1.534719758715766	3.386	-0.25493535257759264	7.6001906535527200E-002
glass_num_14	O_205_Si_635	168.0059534880669	167.62021795880725	4	4	0	1.6221327034964053	3.096	-0.22769339649122045	0.12181702209201724
glass_num_14	O_208_Si_636	137.28679724235224	168.230024503345	3	3	0	1.5082420129835372	3.137	-0.17488653749044611	0.13339834426386621
glass_num_14	O_190_Si_646	164.28799053309544	161.8739426171127	2	2	0	1.4810339703023336	3.377	-0.24057569061470763	7.3429068096755756E-002
glass_num_14	O_262_Si_653	136.11704324079437	166.5017914591999	4	4	0	1.6227921922469464	3.098	-0.20544181398187547	0.11997489105250563
glass_num_14	O_121_Si_655	141.41509915783502	174.99874888821526	3	3	0	1.092860396576543	2.916	-0.24595408886687853	3.9360383200981765E-002
glass_num_14	O_217_Si_655	158.8756557060982	152.8559910237465	3	3	0	1.0150667003478	3.416	-0.24595408886687853	3.9360383200981765E-002
glass_num_14	O_529_Si_665	160.72839742390408	169.06416100409828	2	2	0	1.5147259592231048	3.250	-0.17259811199917854	4.8599049857707376E-002
glass_num_14	O_268_Si_666	157.07142447266074	175.74959879422877	2	2	0	1.454101163382607	3.342	-0.17286754929179030	5.8159605583264766E-002
glass_num_14	O_304_Si_666	143.31530163719896	154.2265809361307	2	2	0	1.2830382896717445	3.358	-0.17286754929179030	5.8159605583264766E-002
glass_num_14	O_574_Si_686	125.18169441933968	162.0679813513665	3	3	0	0.6982711167053994	3.315	-0.18272159359676179	0.17195864515405637
glass_num_15	O_529_Si_575	133.0186625568443	156.97577628805152	4	4	0	0.941178244812678	3.153	-0.24133148586344769	0.12089295983729964
glass_num_15	O_298_Si_585	153.93975936116453	165.72244894478268	4	4	0	0.8413707876514469	3.079	-0.21995127985873394	0.13904988512497218
glass_num_15	O_28_Si_611	122.97029321667989	169.34013996280834	3	3	0	0.6057154228279735	3.442	-0.18883634447624961	9.9209845878971040E-002
glass_num_15	O_376_Si_625	163.31971526066135	159.96042546121618	4	4	0	2.397000643536879	3.324	-0.19146483991044569	5.3792929940754942E-002
glass_num_15	O_466_Si_626	161.20761959571908	165.69109945964237	2	2	0	1.0612563462093196	3.262	-0.18323935198350672	6.0416115239019262E-002
glass_num_15	O_133_Si_628	144.2013283039689	167.55637313477038	4	4	0	0.9659321226849203	3.091	-0.18632547646546871	0.20822190871694338
glass_num_15	O_532_Si_633	170.88368223467538	174.48001953011266	3	3	0	1.3223004648601953	3.348	-0.23491095146963295	6.4451659185539453E-002
glass_num_15	O_175_Si_663	169.561216626227	156.19992485729207	3	3	0	0.8574555990066932	3.355	-0.25209472067705080	8.1968485011153863E-002
glass_num_15	O_247_Si_663	156.80961813543055	171.67815444767592	3	3	0	1.104132122587232	3.281	-0.25209472067705080	8.1968485011153863E-002
glass_num_15	O_355_Si_678	123.65138175608529	171.12925494768552	3	3	0	1.1089000580821593	3.016	-0.21408496513255590	0.19135275495934523
glass_num_15	O_511_Si_680	158.49087200366085	174.42248700466854	4	4	0	1.6435531165321517	3.213	-0.18070534353137827	7.9879773327644940E-002
glass_num_15	O_202_Si_697	152.84699186885976	172.99753635981946	3	3	0	1.281821243058273	3.135	-0.26367365177510699	0.17438082801683910
glass_num_15	O_550_Si_699	159.1087602657592	173.89538925246282	3	3	0	1.2697263734214983	3.295	-0.21980085565768034	5.3196709869595876E-002
glass_num_15	O_292_Si_700	159.96770691222443	154.26262096103022	4	4	0	0.7163228386074724	3.467	-0.24903378063122431	0.17521631786817166
glass_num_15	O_79_Si_700	158.76125660953824	170.88798682333	4	4	0	1.7198999977543978	3.380	-0.24903378063122431	0.17521631786817166
glass_num_16	O_232_Si_575	175.37739655120507	165.3145290472492	3	3	0	1.377299521779162	3.142	-0.20554835762148069	7.6751380287147383E-002
glass_num_16	O_334_Si_583	155.9763828694828	169.88753743238004	3	3	0	1.151456774045459	3.126	-0.24347568694133706	0.10228671080340676
glass_num_16	O_34_Si_602	164.8057041298826	160.69612742072474	4	4	0	1.5348346500840597	3.003	-0.18447621788174892	0.10755232602386516
glass_num_16	O_166_Si_614	150.58510880640546	163.26521900110853	4	4	0	1.2485351714301913	2.785	-0.23854271930237481	0.11607552094459911
glass_num_16	O_193_Si_618	135.8026079653694	158.88759373720129	4	4	0	1.179784461853565	3.416	-0.22139496027652195	0.14678567333839093
glass_num_16	O_106_Si_635	133.33320899051898	166.71691073987168	3	3	0	1.4666551424784124	3.343	-0.22181328225908573	8.9236185910990293E-002
glass_num_16	O_85_Si_643	163.2009363874122	166.4525694721327	2	2	0	1.1835996763373726	3.381	-0.24908972947345984	8.9584719550527520E-002
glass_num_16	O_421_Si_646	153.39978860574533	150.49752588902646	4	4	0	1.2507460257631993	3.379	-0.22517428206370979	9.7082763665590321E-002
glass_num_16	O_169_Si_655	137.9901105660003	168.90987834281825	3	3	0	1.0873284919457367	3.131	-0.26084025628507207	9.3516816088864918E-002
glass_num_16	O_517_Si_662	166.42491276297366	160.9197910840476	3	3	0	0.8583080887350182	3.298	-0.25147445094552012	0.11772042149976142
glass_num_16	O_115_Si_666	148.84800815203084	63.626446718233794	4	4	0	0.9071393642502354	3.350	-0.26545316927262613	0.10387701526189856
glass_num_16	O_13_Si_669	138.60237558182786	161.15026345146222	4	4	0	1.1468088496158415	3.450	-0.23179108705017462	0.13965394400344394
glass_num_16	O_403_Si_672	149.2098522685248	168.93034053891233	4	4	0	1.9167477262584083	3.006	-0.18031413506786287	8.5118364115423409E-002
glass_num_16	O_283_Si_679	166.95788596643493	161.2455839073046	4	4	0	1.427543262961837	3.127	-0.22131044053178228	0.15798281901273178
glass_num_16	O_160_Si_679	130.1490715616885	156.0992869741269	4	4	0	0.9875638393830095	3.016	-0.22131044053178228	0.15798281901273178
glass_num_16	O_217_Si_687	150.016083792884	159.72547336185252	2	2	0	0.9111291898811245	3.293	-0.22065949173257485	0.11763684798759605
glass_num_18	O_199_Si_583	143.1702927017948	165.29112701073132	4	4	0	1.0817505036253	3.149	-0.22937970069737079	0.14214453030581520
glass_num_18	O_373_Si_590	144.27895962919888	155.00722765864901	4	4	0	1.3994476538019955	3.333	-0.19237681265244841	6.8298352531924594E-002
glass_num_18	O_475_Si_596	158.72179628154103	164.49269380390655	4	4	0	1.2253909076321159	3.418	-0.21313629594572489	8.7422136316414309E-002
glass_num_18	O_91_Si_597	156.3250946574049	174.10630589865704	4	4	0	1.4103072130404652	3.122	-0.17164611528669541	0.14412018278696609
glass_num_18	O_19_Si_601	148.18236842219844	57.77979169442331	3	3	0	0.6217527264394374	3.420	-0.22248686264046144	0.12013500043147851
glass_num_18	O_397_Si_601	148.18236842219844	166.331324074364	3	3	0	1.185513354303609	3.125	-0.22248686264046144	0.12013500043147851
glass_num_18	O_43_Si_603	132.95371720763953	142.9642193100995	4	4	0	0.3410671165843471	3.094	-0.26091564759729352	0.12944437130726941
glass_num_18	O_169_Si_611	156.79360635746136	151.8689710356777	4	4	0	0.7375581749113479	3.460	-0.22551244307462462	8.9722983526901320E-002
glass_num_18	O_94_Si_623	144.90459284340974	170.46633669907888	3	3	0	1.430118896003075	3.384	-0.23481337952560755	7.8776327492712822E-002
glass_num_18	O_421_Si_623	154.90865040308975	171.26548870771344	3	3	0	1.4742620903662758	3.069	-0.23481337952560755	7.8776327492712822E-002
glass_num_18	O_76_Si_626	136.38825414292026	157.47558408288086	3	3	0	1.0059149787245687	3.345	-0.21962933451107403	6.5429095757030084E-002
glass_num_18	O_85_Si_627	160.12896459763328	173.92157156562226	4	4	0	1.3413006216710979	3.241	-0.23290531696987274	0.11208446036703126
glass_num_18	O_241_Si_627	158.1296451143184	162.42269555772518	4	4	0	1.338525896853879	3.313	-0.23290531696987274	0.11208446036703126
glass_num_18	O_526_Si_634	146.40678821418143	153.10282944766976	3	3	0	2.1199633915031963	3.429	-0.19594850005351652	8.5700919718521368E-002
glass_num_18	O_454_Si_644	141.37751440361933	166.34341929676225	3	3	0	1.2747521227175638	3.381	-0.22921969709797510	0.10128541586393980
glass_num_18	O_37_Si_648	144.21621316826744	139.04234486324225	4	4	0	0.8393928411425464	3.471	-0.29489131026985582	6.4468764676444468E-002
glass_num_18	O_247_Si_651	147.3625065333809	161.53402875144081	3	3	0	1.107752642330576	3.441	-0.24779135458044299	0.11021262434526496
glass_num_18	O_70_Si_654	162.48374432441	169.16651117684532	4	4	0	1.5291494870391933	3.390	-0.19243084529382135	0.13419828317893331
glass_num_18	O_121_Si_656	150.33795196907758	157.59059298880084	3	3	0	0.9313564218479433	3.404	-0.20945247529347866	0.11764510184943890
glass_num_18	O_313_Si_664	165.89987128048094	162.54164450872506	4	4	0	1.3070368515763962	3.399	-0.13120404725649343	0.13513272783352659
glass_num_18	O_187_Si_666	151.47161625633507	175.00808614452396	4	4	0	1.1058517005997122	2.965	-0.24556101692260932	9.4879751743509072E-002
glass_num_18	O_31_Si_673	160.39286013142583	174.24683875746516	4	4	0	1.0294415229479692	3.187	-0.19320710694849730	5.6254055671703815E-002
glass_num_18	O_493_Si_687	125.03015863121453	144.11115171794367	3	3	0	1.2364995661376539	3.499	-0.17726458290350830	0.20440810560273140
glass_num_18	O_532_Si_698	138.5834752484215	164.49858561029183	3	3	0	1.2188020306236134	3.415	-0.21850321669167069	0.11422980843664905
glass_num_18	O_406_Si_700	145.51394670098296	166.87547433432653	4	4	0	0.9695292654695117	3.098	-0.26189512535262721	0.15927287269238663
glass_num_19	O_466_Si_582	156.151498936653	151.65732738014714	3	3	0	1.2622989196804033	3.217	-0.21777360581870020	6.5053384198459907E-002
glass_num_19	O_502_Si_587	149.6573477198117	163.37827558419997	3	3	0	1.1928992156682217	3.369	-0.22332593811694687	6.8299811738077115E-002
glass_num_19	O_184_Si_588	167.4483380458248	137.0194373697658	4	4	0	1.5101570901525578	3.195	-0.24377505927975762	6.3410719457297940E-002
glass_num_19	O_409_Si_595	135.65118249849795	174.0337281972115	4	4	0	1.4947722899449536	3.242	-0.25040729284781044	9.8843127123599009E-002
glass_num_19	O_274_Si_608	168.73434659102764	159.90553960638786	3	3	0	1.5570986440147996	3.125	-0.28783519200410668	3.2989900505660537E-002
glass_num_19	O_523_Si_610	150.41564315929827	51.597173122423456	4	4	0	1.279118233124193	3.419	-0.22986843075148192	9.6050195259487603E-002
glass_num_19	O_4_Si_628	140.55163699194253	165.28347223533615	3	3	0	1.2755070032367064	3.290	-0.23522032115033820	3.9786538409569513E-002
glass_num_19	O_118_Si_632	133.25632380423752	159.83722954404547	3	3	0	1.5996096093972392	3.172	-0.21456663507323770	0.10327876345225390
glass_num_19	O_205_Si_637	152.2336332232177	168.92867519757885	2	2	0	1.273462141643951	3.297	-0.22835789132106568	6.9562859142759975E-002
glass_num_19	O_337_Si_637	152.2336332232177	139.0383721268502	2	2	0	1.20121866858563	3.433	-0.22835789132106568	6.9562859142759975E-002
glass_num_19	O_202_Si_641	166.56419836552345	168.832276232544	3	3	0	1.1961802286839323	3.097	-0.22135507936630425	0.13514237805927401
glass_num_19	O_460_Si_641	132.28909997910242	168.22828453605382	3	3	0	1.044319852957187	3.015	-0.22135507936630425	0.13514237805927401
glass_num_19	O_112_Si_655	176.67991136927387	169.89221939459713	3	3	0	1.464732868620369	3.142	-0.24368187485806761	9.9700365701757443E-002
glass_num_19	O_463_Si_657	166.65002748544123	162.52085507372968	3	3	0	0.8836541988590018	3.238	-0.22990159244919828	0.10220799155009276
glass_num_19	O_262_Si_658	158.5930478127274	170.4881163853449	4	4	0	1.088912137117363	3.043	-0.23789852423700319	7.4499136900642346E-002
glass_num_19	O_277_Si_661	145.19519570867746	163.92437832197447	4	4	0	1.121024852513092	3.126	-0.25494319486994604	0.13522352770327631
glass_num_19	O_511_Si_661	147.2694039696336	133.56136666458013	4	4	0	1.597772009716536	3.346	-0.25494319486994604	0.13522352770327631
glass_num_19	O_7_Si_662	151.18232934127303	171.76532853492947	4	4	0	1.0647659721855955	2.897	-0.21656698021966581	9.0398022409789086E-002
glass_num_19	O_493_Si_668	158.84184585585854	163.05232355773828	4	4	0	1.081613439493549	3.092	-0.18920821596172996	0.17073574377235656
glass_num_19	O_223_Si_683	174.2771816196664	159.84941140349662	4	4	0	0.5895795553949006	3.110	-0.24702172656041244	7.4018740859425891E-002
glass_num_19	O_364_Si_690	147.63431478642713	163.15577341464703	3	3	0	1.6321982807059852	3.419	-0.17737094748401905	0.12547458257519475
glass_num_19	O_325_Si_696	165.97197105117013	173.50506914541236	4	4	0	1.209122343243437	3.108	-0.21860114723239146	7.2183752943068127E-002
glass_num_21	O_274_Si_599	167.44817035867823	149.74496444365212	3	3	0	1.391334121932562	3.475	-0.20845333893041640	6.9557401177756967E-002
glass_num_21	O_100_Si_600	149.65508048319398	165.46042898388188	4	4	0	1.641174555615648	3.383	-0.26271655757789381	7.0175534106256099E-002
glass_num_21	O_145_Si_607	162.32104304653726	177.9415026980033	4	4	0	0.639886805003385	2.974	-0.30243195488086144	9.8470848647004824E-002
glass_num_21	O_463_Si_610	157.30537949031805	156.99747315285	3	3	0	1.2037463644636266	3.388	-0.23198379998620147	6.3156757578777867E-002
glass_num_21	O_76_Si_617	163.26248866443814	161.19016911951954	4	4	0	1.5558423815436433	3.383	-0.25365880248483136	0.13462277841662812
glass_num_21	O_139_Si_624	145.83669272424282	151.60409379331156	3	3	0	1.3074877273527612	3.434	-0.16731812367553012	0.11885177627330921
glass_num_21	O_196_Si_624	137.81589740089393	176.8448435021042	3	3	0	1.3538713487984408	3.140	-0.16731812367553012	0.11885177627330921
glass_num_21	O_94_Si_628	159.73634898032603	168.04092956379966	3	3	0	1.1601792207536175	3.268	-0.29474982331827304	0.11627219263462786
glass_num_21	O_397_Si_628	148.02550496303175	163.06986105055014	3	3	0	1.0102560920308667	3.366	-0.29474982331827304	0.11627219263462786
glass_num_21	O_19_Si_630	171.89015745214135	168.29862308399566	4	4	0	1.3563293521719073	2.789	-0.19614063602213905	5.3840022729229414E-002
glass_num_21	O_577_Si_630	150.02288146314146	175.81853958405992	4	4	0	1.53552862800551	3.235	-0.19614063602213905	5.3840022729229414E-002
glass_num_21	O_421_Si_637	140.49383634704498	159.93546845499426	4	4	0	0.8794508013239505	3.195	-0.21586252154440669	7.6293739919780654E-002
glass_num_21	O_193_Si_647	154.892544238449	164.87293773592796	4	4	0	1.7960773690323082	3.005	-0.24497864750615519	9.5087676091775944E-002
glass_num_21	O_133_Si_653	163.27392720171792	169.05615509431678	3	3	0	0.9325305289249224	3.225	-0.28193852636662614	7.2830259027040226E-002
glass_num_21	O_181_Si_653	160.44569531219463	167.44129883318925	3	3	0	1.0719123483180393	3.400	-0.28193852636662614	7.2830259027040226E-002
glass_num_21	O_241_Si_671	140.33962190214987	176.22672544822075	4	4	0	1.4737906912500252	2.876	-0.20119050121110107	0.11518715390480377
glass_num_21	O_271_Si_676	155.35429905577237	165.2812961456462	4	4	0	0.46686980504131576	3.082	-0.27487459188998081	7.0244020031480919E-002
glass_num_21	O_292_Si_677	149.61236213980817	158.76257580124914	3	3	0	1.6394910408838326	3.417	-0.21813915790583036	9.6301325879345021E-002
glass_num_21	O_61_Si_683	144.65594547473455	149.4211552543287	4	4	0	0.13453225948293446	3.367	-0.26017393651332521	9.3329032400511186E-002
glass_num_21	O_436_Si_686	139.50389849259267	150.5065990711866	4	4	0	1.2495070155150356	3.342	-0.26991086685139881	0.12266159710344278
glass_num_21	O_430_Si_693	142.41453209486056	164.7146105951495	3	3	0	1.2529527874085309	3.429	-0.21063571918242366	7.5410214276734736E-002
glass_num_21	O_532_Si_705	165.63056932671884	165.8791645221769	4	4	0	1.877561980039098	3.281	-0.13387576859280240	0.13516936866566989
glass_num_21	O_184_Si_707	175.5629942135321	168.6862396500104	4	4	0	1.115276895210832	3.494	-0.20871761381763743	0.10176513294606164
glass_num_21	O_427_Si_707	140.4241638897086	175.1601431098988	4	4	0	1.031829884473907	3.308	-0.20871761381763743	0.10176513294606164
glass_num_21	O_124_Si_713	142.8000458023522	177.13529067675395	4	4	0	1.6917836339714165	3.217	-0.22857018960969330	0.10758017825515905
glass_num_23	O_280_Si_591	145.51624274653005	158.13069351286512	4	4	0	1.3671679669265164	3.284	-0.18521878591738961	0.10288566659035303
glass_num_23	O_289_Si_595	167.35504651516064	152.35877633180917	4	4	0	1.5435020166713642	3.373	-0.22340787904367251	9.1967396160411205E-002
glass_num_23	O_73_Si_596	160.30361001932	168.35168629516906	3	3	0	1.086260939167152	3.486	-0.23597951697499364	8.3671442315774239E-002
glass_num_23	O_13_Si_603	153.42499329582046	171.91454962986435	3	3	0	0.9890811431758622	3.133	-0.16275668592774992	0.12043392454944674
glass_num_23	O_7_Si_609	168.29689151896017	169.4188126404631	4	4	0	1.8151764071628609	2.988	-0.21488772813808243	7.9759624490097589E-002
glass_num_23	O_451_Si_614	141.73757086405962	174.7069326115554	3	3	0	1.3993403787608452	3.238	-0.20596051639809398	8.0592051538568299E-002
glass_num_23	O_526_Si_619	148.55498213198666	166.91217956115096	3	3	0	1.6439070109762697	3.081	-0.24579006832240932	6.0624001018889213E-002
glass_num_23	O_559_Si_621	168.49561026770394	165.27617159165507	2	2	0	1.5908742396067754	3.434	-0.21275246870541040	7.1163697305076101E-002
glass_num_23	O_364_Si_635	147.0060930370074	133.8552990167743	4	4	0	0.7699670935710639	3.343	-0.18411045794234590	0.11188770109561332
glass_num_23	O_352_Si_654	150.1473038041272	172.04825155034965	4	4	0	1.4400094151651617	3.078	-0.13657579391015162	5.1784058347911006E-002
glass_num_23	O_508_Si_657	154.85167949378115	165.6350494427509	4	4	0	1.4970330203986726	3.240	-0.18764993061842020	0.15697887937882266
glass_num_23	O_166_Si_684	162.72979304887014	154.55272333331547	4	4	0	1.2970505873126859	3.462	-0.21660323468978782	0.10467294334480352
glass_num_23	O_379_Si_693	146.3216033367171	174.43511344690876	3	3	0	1.61808764507356	3.190	-0.21563261839124281	8.8947949902504764E-002
glass_num_23	O_493_Si_696	134.6454118939726	157.8544480060913	4	4	0	0.7296534449478393	3.267	-0.26041754148878887	0.16819524940545241
glass_num_23	O_223_Si_700	156.62176490666786	174.58287669694113	4	4	0	1.4470879323438923	3.278	-0.17528081665827377	0.12422385361591172
glass_num_23	O_460_Si_707	156.40198203640514	159.87495075259898	4	4	0	2.0160501382122744	3.267	-0.12673879171836697	0.15537086934846478
glass_num_23	O_304_Si_713	156.79706509170154	168.1394925886345	4	4	0	0.7140751212795562	3.425	-0.27623374917403182	8.1853620660543719E-002
glass_num_24	O_415_Si_586	174.2357833558043	171.10158282190423	3	3	0	0.6510165462810047	3.493	-0.27779333897545055	0.13385113978202465
glass_num_24	O_376_Si_593	142.83552275877148	65.17666545455133	2	2	0	0.9176724003875109	3.297	-0.20559551393135331	8.5776109452365953E-002
glass_num_24	O_142_Si_596	158.42343880783122	166.75078443272494	4	4	0	1.2443826676450052	3.032	-0.24873772668592178	4.5940714314686805E-002
glass_num_24	O_454_Si_597	164.1976926762845	135.30060834603697	4	4	0	1.3255454101909545	3.285	-0.21690909570808245	7.3165801173015535E-002
glass_num_24	O_460_Si_598	137.62346645403616	175.88023685921368	3	3	0	1.282101286475648	3.175	-0.20656901122278049	7.3008869214113190E-002
glass_num_24	O_442_Si_603	148.51103461857502	159.34199144115132	3	3	0	0.9950009930903649	3.381	-0.24535931704168845	8.5407688064511308E-002
glass_num_24	O_130_Si_611	169.94944896434004	160.58831081415323	4	4	0	0.7882744682650591	3.174	-0.31276463846231828	8.0987728622540139E-002
glass_num_24	O_343_Si_628	159.56303514849387	172.16458192070883	4	4	0	1.251035466084909	2.937	-0.18514365397485624	7.4693587180864524E-002
glass_num_24	O_385_Si_632	137.88032325354578	169.28613767744912	3	3	0	1.0452844463701305	3.164	-0.16645863503065583	0.14788191520413113
glass_num_24	O_37_Si_639	136.7084856441395	164.8544606171087	4	4	0	0.3131456735360512	3.411	-0.27866694060662034	0.10174398466232949
glass_num_24	O_424_Si_647	164.95952280585243	168.09172455321655	4	4	0	1.9562567068201286	3.147	-0.25615284326112869	4.9429155391253907E-002
glass_num_24	O_514_Si_648	153.52347283845995	165.7927562634802	4	4	0	1.3782992498038857	3.073	-0.29381060281820909	8.7120875639614417E-002
glass_num_24	O_571_Si_665	152.639898841701	174.62725741892547	4	4	0	0.44955825051254844	2.987	-0.26354187869921281	6.5404144082917309E-002
glass_num_24	O_232_Si_667	161.23979186446073	145.2007133390426	4	4	0	1.6366503763938285	3.314	-0.25154823332967241	9.6584686192977248E-002
glass_num_24	O_19_Si_671	147.77180059618414	162.38416198014943	4	4	0	1.2612841290577248	3.402	-0.23277516746307170	9.8528227764492091E-002
glass_num_24	O_76_Si_691	162.0384761266367	162.82346094601098	3	3	0	1.5314136347965368	3.323	-0.30339489472136871	7.6702041160620030E-002
glass_num_24	O_502_Si_694	179.16959545159125	163.59682105619615	4	4	0	1.2633107826053798	3.211	-0.28087565301626061	6.6233798480908185E-002
glass_num_24	O_136_Si_695	152.6360847604859	177.21731231848258	2	2	0	1.1906329783207967	3.309	-0.22692600265465104	3.5583602845617852E-002
glass_num_24	O_100_Si_696	152.15883915813453	166.3000828215725	4	4	0	1.0801547376077614	2.944	-0.28424773037703099	8.6668318069460126E-002
glass_num_24	O_34_Si_696	161.67981483978997	147.4086418477153	4	4	0	0.9886704611180971	3.460	-0.28424773037703099	8.6668318069460126E-002
glass_num_24	O_85_Si_698	136.80646938962192	161.68457622972034	3	3	0	1.3991912706163585	3.419	-0.17448774016282612	0.17258034768766364
glass_num_24	O_169_Si_701	160.1607023504579	173.82671607256682	3	3	0	1.1690286534045327	3.094	-0.19866333969265804	4.5692149526969816E-002
glass_num_24	O_64_Si_709	164.12135674344856	179.05940164607946	3	3	0	1.45211460214315	3.079	-0.23193842323415539	6.0914476474359512E-002
glass_num_24	O_403_Si_712	137.24071118803582	163.85856065679164	4	4	0	1.7218408868684556	3.211	-0.22117331237765583	9.8834442872636305E-002
glass_num_25	O_520_Si_603	139.0311753720713	172.01671418962144	4	4	0	1.030864255129061	3.441	-0.18596540127547978	0.13734207743552707
glass_num_25	O_112_Si_610	129.73259734504109	146.90271255885122	3	3	0	1.1078839118059818	3.429	-0.20943427755104793	7.4412942976593677E-002
glass_num_25	O_301_Si_611	169.53650771931385	168.84833537257796	4	4	0	0.8572817700006458	3.153	-0.21675825392891870	6.5710544648065583E-002
glass_num_25	O_397_Si_633	123.57858812075153	141.2970691146662	4	4	0	0.3622030936639201	3.397	-0.20395917108090597	0.10755411540754883
glass_num_25	O_130_Si_636	178.2371307638141	159.18652592545308	4	4	0	1.5153061480007113	3.397	-0.28359344494889688	3.7935328671440234E-002
glass_num_25	O_487_Si_639	173.55063651090322	156.15504301197032	3	3	0	1.3035741354541472	3.380	-0.19914459487281708	5.6312397286151908E-002
glass_num_25	O_214_Si_655	138.0367259896311	158.68675506949845	4	4	0	1.552279586010461	3.445	-0.15515785095017273	0.19947576810770645
glass_num_25	O_304_Si_659	141.00546394079376	162.77005746708488	4	4	0	1.7076095241299012	3.443	-0.16445617466923149	0.11537840675173594
glass_num_25	O_277_Si_679	159.01143920380753	154.31042972393305	4	4	0	1.5242238335217728	3.300	-0.23729386383807005	9.5107656665331497E-002
glass_num_25	O_505_Si_680	146.75407424725663	174.60405950935203	3	3	0	1.2374799966010237	3.027	-0.17854116279819818	0.10080269630091929
glass_num_25	O_94_Si_681	136.94730021430323	172.88592968876353	3	3	0	1.5530107267210154	3.306	-0.16530241989338323	6.9898276034029455E-002
glass_num_25	O_52_Si_684	159.58247806145332	166.02210373370193	3	3	0	1.3253078036606578	3.417	-0.26635611621912914	0.12723712223837136
glass_num_25	O_145_Si_684	150.09886409171963	165.7650341884587	3	3	0	1.0565856422338187	3.333	-0.26635611621912914	0.12723712223837136
glass_num_25	O_511_Si_688	140.16398505621797	170.1079257857258	4	4	0	1.1940135463846206	3.025	-0.17143211912083745	0.13933475743506574
glass_num_25	O_334_Si_702	151.50666932371306	163.86583693394348	4	4	0	1.5655698881368154	3.314	-0.23403419084383068	8.8969170506346132E-002
glass_num_25	O_385_Si_703	161.366525126227	165.88652153376592	3	3	0	1.3626747348729105	3.306	-0.21260490424205150	7.7338980837834886E-002
glass_num_25	O_142_Si_705	133.7906740191159	156.1135078426225	3	3	0	1.1215336436890522	3.325	-0.19968956319646200	2.7769000276007174E-002
glass_num_25	O_175_Si_718	130.09081134377726	176.03587537863055	4	4	0	0.6240648619821616	3.203	-0.23834303821942704	0.15502695017749607
glass_num_25	O_100_Si_720	150.09886409171963	166.85712210911032	3	3	0	0.8963779136110978	3.285	-0.19349167828071634	0.18043976211556501
glass_num_25	O_469_Si_722	129.93480149043964	174.4189915037715	4	4	0	1.1762880726648743	2.941	-0.22544078130610837	0.14376800172898302
glass_num_25	O_46_Si_723	133.42782067652996	155.6780318501855	4	4	0	1.5052680516926087	3.296	-0.19844007044680634	0.11754866205079910
glass_num_27	O_52_Si_602	171.63414953977258	164.96948466827462	4	4	0	1.780668966623875	3.419	-0.20786995421966589	0.15834692927130045
glass_num_27	O_277_Si_605	160.97333843072448	143.24967146768557	4	4	0	0.315579619483704	3.127	-0.20870060526978571	7.1077430925985355E-002
glass_num_27	O_370_Si_609	155.4433340637223	169.7202921818224	4	4	0	1.6302698412004428	3.231	-0.19809242495041893	0.10967421973768875
glass_num_27	O_139_Si_622	148.0275650341816	167.96366631617727	4	4	0	0.7149337110296148	2.946	-0.22360533733617108	8.6601836590126866E-002
glass_num_27	O_85_Si_637	128.35466521232266	168.41558451301694	4	4	0	1.598130740077727	3.089	-0.17478417240183974	0.19405275750693624
glass_num_27	O_436_Si_642	149.82737708699867	163.38254258213203	3	3	0	0.9301532468197522	3.203	-0.22334959210193453	0.17126139478282409
glass_num_27	O_514_Si_646	151.68419484845424	169.53724739055812	4	4	0	1.4984681607150514	2.892	-0.20009821395670283	0.12851614388471053
glass_num_27	O_37_Si_649	145.4122137263253	168.23199392444565	4	4	0	1.2652611219962164	3.258	-0.25407110348730383	0.11156530873855446
glass_num_27	O_13_Si_665	149.42477886422668	129.26420899304532	3	3	0	1.2202677349604372	3.374	-0.24241717032006824	8.3824317588516578E-002
glass_num_27	O_382_Si_665	149.42477886422668	164.4349588581114	3	3	0	1.2083641692485374	3.372	-0.24241717032006824	8.3824317588516578E-002
glass_num_27	O_247_Si_670	156.7874918896467	172.7933208269764	4	4	0	1.1451424246936757	3.054	-0.23744768693568588	0.10172707109667116
glass_num_27	O_388_Si_685	145.45672791914882	161.29058888275821	4	4	0	1.3328920063477314	3.195	-0.21789473164040121	0.11495002241250815
glass_num_27	O_535_Si_686	149.7675477230659	173.5308940990285	4	4	0	0.9674370532697104	3.009	-0.24777992853770917	6.7659248712921477E-002
glass_num_27	O_262_Si_697	135.26118092636574	147.9736426977519	4	4	0	0.7951961424322856	3.386	-0.21004181954849491	0.11676053285899707
glass_num_27	O_205_Si_704	150.6673037153747	168.42972262713445	4	4	0	1.583606579077656	3.160	-0.16272615847102059	0.14562658983512086
glass_num_27	O_520_Si_709	167.52182191641117	168.15577966999157	3	3	0	1.283441826330634	3.222	-0.21678703062929994	0.12419100756919658
glass_num_27	O_295_Si_711	146.2267172797016	163.81512213630154	4	4	0	1.2064648027926095	3.174	-0.23880437690893283	7.8366124714305541E-002
glass_num_27	O_550_Si_713	161.06192511651315	163.19317879201316	4	4	0	1.0632419571461373	3.073	-0.29742302982075580	8.5444248068734310E-002
glass_num_27	O_175_Si_715	155.03703801890882	172.57018693377307	4	4	0	0.8959904520589439	3.154	-0.32237683420480429	0.11354277436723095
glass_num_29	O_511_Si_606	164.21764014529558	161.31142071288994	3	3	0	1.6072315071064756	3.262	-0.27399617987312302	8.3972468984453971E-002
glass_num_29	O_94_Si_610	128.0842863260387	154.5875483015024	3	3	0	0.2958361761121345	3.305	-0.18982893348298691	0.15733464808971798
glass_num_29	O_187_Si_616	160.57589871878514	173.10886977190725	2	2	0	1.1822617437710452	3.243	-0.20492861734716813	7.7259919564491450E-002
glass_num_29	O_130_Si_626	152.94890098693404	161.46243698972125	3	3	0	0.9001344423030648	3.449	-0.24671048865700193	0.11406339243126340
glass_num_29	O_385_Si_635	136.08517341820686	151.7998716866332	4	4	0	0.7798281320528666	3.312	-0.18374532138447131	0.11481223540157726
glass_num_29	O_361_Si_637	128.17249308222824	139.71183412762002	2	2	0	1.2435785927608953	3.409	-0.18149588181669485	0.10999929362517834
glass_num_29	O_259_Si_645	145.98620151680308	163.48234875586598	4	4	0	1.6542507168825353	3.209	-0.27876422370745119	7.9185855938749147E-002
glass_num_29	O_190_Si_649	161.7308050783904	154.73543920382474	2	2	0	0.5870489492731991	3.192	-0.20447405108878605	7.5356728700126732E-002
glass_num_29	O_406_Si_654	154.99930141778253	170.31308958364158	4	4	0	1.193134562480279	2.992	-0.26974467258651519	6.0354053816707817E-002
glass_num_29	O_19_Si_659	148.50131419666934	161.06358861735114	4	4	0	1.1454963831007576	3.404	-0.22455742123256894	8.8819064466825637E-002
glass_num_29	O_331_Si_660	146.44096353238956	161.98024704065142	3	3	0	1.19150958605947	3.052	-0.19313259136737446	0.10076226352636126
glass_num_29	O_4_Si_661	143.56794264396524	154.95125719877757	4	4	0	1.5004158811320085	3.255	-0.13703703091123687	0.11791836110135261
glass_num_29	O_346_Si_671	160.42912560885148	173.7542039597542	3	3	0	1.1915070388213196	3.108	-0.26965159409083944	8.1576653408370392E-002
glass_num_29	O_1_Si_672	143.80426057791027	172.57902337293993	4	4	0	1.40522660282219	3.200	-0.24231947026229469	0.16207609348473681
glass_num_29	O_286_Si_673	153.8408795556248	155.62271129819825	4	4	0	0.6440680961833707	3.458	-0.20607934778943249	9.5659023867608814E-002
glass_num_29	O_535_Si_675	176.94465524395892	166.3288410417201	4	4	0	1.0302787942692382	3.248	-0.28360433828675852	8.4679211081931396E-002
glass_num_29	O_13_Si_676	138.03733393779353	170.19242411804396	4	4	0	1.4730557211704525	3.125	-0.17836399241988796	0.16721821192095113
glass_num_29	O_181_Si_696	162.88088780844208	165.51605177183583	3	3	0	1.1615855305017913	3.466	-0.29030337062254347	0.13711420707165012
glass_num_29	O_292_Si_698	154.75499876064575	170.4918782374828	3	3	0	1.4852442960204304	3.405	-0.24534429824554679	9.2568404476190039E-002
glass_num_29	O_583_Si_698	160.42912560885148	155.5982017633947	3	3	0	0.918025634746237	3.356	-0.24534429824554679	9.2568404476190039E-002
glass_num_29	O_127_Si_707	160.11853063422026	166.1451345205036	3	3	0	1.3533147115738926	3.297	-0.23846545279531975	6.4181952147338225E-002
glass_num_29	O_208_Si_711	124.90967727434585	174.39905122876436	3	3	0	1.201798467093103	3.120	-0.21048732967140360	0.14738483888580223
glass_num_29	O_526_Si_714	131.1595100529985	169.70416431771105	3	3	0	1.335323935326092	3.351	-0.22920678147745432	8.0641209997626362E-002
glass_num_30	O_7_Si_577	166.3070213848685	161.82427402409914	3	3	0	1.418796626153789	3.377	-0.31184926790610185	0.11211352996092394
glass_num_30	O_46_Si_580	178.32895793077435	174.90172643083613	3	3	0	1.496664087523755	3.145	-0.23066204981218749	0.10962477051229386
glass_num_30	O_151_Si_585	161.289933149069	150.70351216977411	4	4	0	1.1009047106001788	3.411	-0.23277933838942241	5.0700043448941655E-002
glass_num_30	O_100_Si_593	173.56679995438137	171.2610929109841	3	3	0	1.5282056337862506	3.142	-0.25833427951459625	5.5058173616468045E-002
glass_num_30	O_460_Si_598	163.22429899287363	171.26857971443488	4	4	0	1.4146148927193258	3.236	-0.28289073019660105	9.8824000781804117E-002
glass_num_30	O_49_Si_612	136.20296923042773	155.71560294022072	4	4	0	1.192180017115475	3.034	-0.20683966885673286	0.12389230388584956
glass_num_30	O_106_Si_619	143.96667352084432	172.62794446993416	3	3	0	1.2338253156012122	3.061	-0.27264021717851911	0.12201168092084765
glass_num_30	O_565_Si_633	142.8269722676102	71.50145932335994	4	4	0	0.7388809971294708	2.832	-0.24538905427564286	0.16830356346480282
glass_num_30	O_178_Si_641	167.7495156500917	154.0797197521016	4	4	0	1.105687514330602	3.407	-0.26964693043388493	7.3904277667419666E-002
glass_num_30	O_10_Si_643	151.6519147910727	170.0850657155386	4	4	0	1.0920636064589766	3.252	-0.25985936145332372	0.11498139346443444
glass_num_30	O_391_Si_646	165.52019575186276	168.5712902085619	4	4	0	1.3456236694581856	3.183	-0.20217265693552666	0.13783477865636828
glass_num_30	O_133_Si_652	158.52486798016798	167.0320256087561	4	4	0	1.2255651930075104	3.206	-0.25046847859249177	0.15266170028045628
glass_num_30	O_187_Si_655	171.64104455787432	176.5185547692286	4	4	0	1.0754855446614933	3.357	-0.27705886116326450	0.14141207175078307
glass_num_30	O_124_Si_657	162.04333339421333	168.77575323608824	3	3	0	1.5922490225915196	2.999	-0.26308070406342060	5.4433447835870952E-002
glass_num_30	O_91_Si_663	169.79523206702135	173.16722716727824	4	4	0	0.7125605169274714	2.873	-0.21907495700887189	8.5425013273916689E-002
glass_num_30	O_463_Si_691	167.63259275422539	171.6570799780101	3	3	0	1.335068173467069	2.964	-0.18031080161481480	5.2101593885407249E-002
glass_num_30	O_502_Si_696	128.9377133870876	48.89956633890709	3	3	0	0.6057756086172867	3.454	-0.21729583594435797	0.18158629230993534
glass_num_30	O_121_Si_701	141.13125070011583	169.5704570407806	4	4	0	0.7802633514069606	3.133	-0.23556094602051569	0.10790726550331897
glass_num_31	O_274_Si_574	167.6311182368125	167.988898031897	3	3	0	1.534472940431232	3.318	-0.23875622009263919	8.9631353107662862E-002
glass_num_31	O_568_Si_585	163.38022974966327	167.07780326765823	4	4	0	1.7497516203336088	3.106	-0.25528119752159711	8.3707011727178413E-002
glass_num_31	O_268_Si_603	144.6302939042789	158.1789576652018	3	3	0	1.4642395544909985	3.434	-0.17882085739085599	0.11071724628801900
glass_num_31	O_211_Si_605	129.9877992603421	168.27184800207922	4	4	0	1.170967137997788	3.352	-0.20797871431646353	5.6048347988642860E-002
glass_num_31	O_58_Si_606	142.9670852137334	168.60678363265353	4	4	0	0.9133741730903469	2.969	-0.26567204902222930	0.14198231232043682
glass_num_31	O_91_Si_628	133.4525537610357	161.74950234775108	3	3	0	0.9905420517757316	3.343	-0.22468040178414617	0.10793826757557716
glass_num_31	O_196_Si_645	155.93456668785714	167.2603765742545	3	3	0	1.238960657745118	3.160	-0.22830344032842290	9.3154153194331513E-002
glass_num_31	O_508_Si_645	138.15157788709897	166.72502133703716	3	3	0	0.5783709646602361	3.101	-0.22830344032842290	9.3154153194331513E-002
glass_num_31	O_226_Si_646	141.86747316974993	160.2074434069383	4	4	0	0.981423357082948	3.193	-0.21482284795914655	0.11084036545581409
glass_num_31	O_472_Si_653	138.9694000787389	173.0040709444666	3	3	0	0.7477527994402677	3.062	-0.28360876145177455	9.8827855908637574E-002
glass_num_31	O_175_Si_665	166.16375327308904	173.21698153486133	4	4	0	1.4313375040432008	3.267	-0.22236233860160246	9.2500098058214422E-002
glass_num_31	O_229_Si_667	141.86747316974993	63.74820883318642	4	4	0	0.7790352341100343	3.401	-0.19414692038992107	6.9641555588635370E-002
glass_num_31	O_247_Si_669	143.59516173524418	163.12930154090972	3	3	0	1.0581156547392714	3.380	-0.19487018135066381	9.3597420618282398E-002
glass_num_31	O_511_Si_670	138.9694000787389	165.19604760218795	3	3	0	0.7575589050091098	3.318	-0.30082186425810858	0.11205512411281235
glass_num_31	O_343_Si_673	155.73809953489447	159.31028155585832	3	3	0	1.3033191611332935	3.379	-0.23702235520869172	6.4834766820051459E-002
glass_num_31	O_355_Si_676	167.13310740780318	169.33400486107493	3	3	0	1.4863492318908105	3.469	-0.21867871764473210	9.7787076047853139E-002
glass_num_31	O_154_Si_678	146.26850160623744	163.06564315356079	4	4	0	0.9269362630334099	3.112	-0.17877611844078342	0.15471909357158348
glass_num_31	O_409_Si_687	144.70294649775389	168.7268317746307	4	4	0	1.187339846678604	3.138	-0.21348793255299456	9.1592287515211715E-002
glass_num_31	O_493_Si_700	143.49086241820768	162.07624720805367	3	3	0	1.305094830108483	3.257	-0.21555972928950054	0.11526241844990640
glass_num_32	O_133_Si_586	155.05537459036648	158.02744743988814	4	4	0	0.9153638840391187	3.470	-0.20781514988789551	0.11600720222294693
glass_num_32	O_499_Si_590	133.45388509630473	50.76259211873243	3	3	0	1.3630262480055184	3.470	-0.24903162146853405	0.13952546531268967
glass_num_32	O_466_Si_610	167.4625668988713	59.698821136066236	4	4	0	0.2021817374453542	3.223	-0.29625679969278890	0.12386697345283215
glass_num_32	O_577_Si_610	137.94516780308578	163.53164839650282	4	4	0	0.3055381247545842	3.487	-0.29625679969278890	0.12386697345283215
glass_num_32	O_175_Si_617	140.14272356877802	132.592901347373	4	4	0	2.0256356579602324	3.421	-0.20650663834707852	0.13373652855874288
glass_num_32	O_187_Si_619	147.40663825379846	172.5213493840123	4	4	0	0.7164830692721149	3.451	-0.30970893726291387	0.10165733999654095
glass_num_32	O_97_Si_629	151.67086140788342	158.40035661347605	4	4	0	1.152261032472743	3.209	-0.20417008833533568	8.6023589377350551E-002
glass_num_32	O_85_Si_633	171.33968532541	161.35248732189447	3	3	0	1.2793390705351693	3.368	-0.25151330320894311	8.7065486006558057E-002
glass_num_32	O_55_Si_635	161.6496033763295	160.87164129885468	4	4	0	0.8946573570370004	3.434	-0.17170802455791304	9.0880116950311104E-002
glass_num_32	O_556_Si_647	127.88047080720196	152.99193460782286	4	4	0	0.41563353965098315	3.318	-0.23018409331263032	0.11204337100584652
glass_num_32	O_409_Si_651	161.27813159753285	161.99000576387098	4	4	0	1.0965472824634097	3.393	-0.18375572827395334	0.10228822501121985
glass_num_32	O_220_Si_663	137.19541232347655	169.04289667194269	4	4	0	0.7855607097418227	3.135	-0.20739075693176354	9.5705460641840531E-002
glass_num_32	O_214_Si_683	150.54268817937006	178.46048055534405	4	4	0	0.7208514799746877	3.216	-0.15954202056632591	0.14280242065057483
glass_num_32	O_334_Si_685	148.24255271043728	178.49670402085067	3	3	0	1.342257535672685	3.307	-0.28754595110110054	6.8024374376064581E-002
glass_num_32	O_388_Si_686	137.74164951349363	169.1235867806411	4	4	0	1.2555946570487038	3.330	-0.18063685310407787	7.9567541243293891E-002
glass_num_32	O_571_Si_688	156.78498084691708	164.60048786821153	3	3	0	1.6736827170994044	3.323	-0.22936613420788562	7.7481282119372524E-002
glass_num_32	O_166_Si_697	172.32979595828434	165.6690980941219	4	4	0	1.672204767437302	3.212	-0.26079190387224199	0.10024366327243199
glass_num_32	O_253_Si_699	175.42400140163127	169.71230683875373	4	4	0	1.0820570685932347	3.080	-0.21496252072052538	9.2576148815499359E-002
glass_num_32	O_529_Si_699	142.29559589861609	57.57166632916011	4	4	0	0.9634525686751765	3.345	-0.21496252072052538	9.2576148815499359E-002
glass_num_33	O_283_Si_584	141.18408459040145	171.77156951026672	3	3	0	0.9936835182945556	3.045	-0.21233866485282507	7.6067560317638463E-002
glass_num_33	O_49_Si_597	140.40190017617638	172.74591217556005	4	4	0	1.0237585794704391	3.201	-0.29184720393067404	3.4847788885718371E-002
glass_num_33	O_406_Si_620	167.8696117760733	168.11715799821445	3	3	0	1.40520244371871	3.070	-0.24567527412938062	8.2443733974577105E-002
glass_num_33	O_142_Si_622	167.6571242499905	169.3307163883886	4	4	0	0.5472306500901432	3.028	-0.27847688375318308	4.6793822863458227E-002
glass_num_33	O_403_Si_647	153.50769474018776	175.1936666150692	3	3	0	1.0370876620235494	3.099	-0.31253251606438254	6.8333339149020886E-002
glass_num_33	O_169_Si_651	161.35390881335644	174.63432004949925	4	4	0	1.4538074869638298	3.482	-0.26133490695244804	2.2664909145163562E-002
glass_num_33	O_430_Si_657	175.72516433797458	177.6224930877261	3	3	0	1.2313972729596339	3.259	-0.23817471772501900	6.0132110457544782E-002
glass_num_33	O_451_Si_666	167.8696117760733	175.03456267561097	3	3	0	1.1327046728683774	3.117	-0.17106685406886699	0.13922826414008302
glass_num_33	O_514_Si_671	153.28811815640373	169.76831833392765	4	4	0	1.6438612815062907	3.320	-0.17115408609014260	0.17754384661033865
glass_num_33	O_553_Si_676	145.37137249298462	159.9378060726953	3	3	0	1.3963534823455188	3.494	-0.24058238230876497	9.1549737575765511E-002
glass_num_33	O_118_Si_695	137.82081146420813	146.84272863988917	2	2	0	0.9960779481670095	3.380	-0.19233000055276153	0.12747345898923623
glass_num_33	O_259_Si_695	137.82081146420813	138.73527799471026	2	2	0	1.1098677773158663	3.499	-0.19233000055276153	0.12747345898923623
glass_num_33	O_511_Si_696	153.1587633122966	162.50752866416903	4	4	0	1.5985345464533018	3.133	-0.16656196680483351	0.10268953491764257
glass_num_33	O_496_Si_698	150.06890493866544	166.63638425991567	3	3	0	1.2744000708198995	3.365	-0.27204097493097695	7.6408760561592293E-002
glass_num_33	O_70_Si_703	160.59599681683252	176.12072414742826	4	4	0	1.4211289469291617	3.222	-0.21725242797194644	9.5749057565194209E-002
glass_num_34	O_151_Si_595	175.01071492354885	176.56695195759997	4	4	0	1.3823921571040054	3.214	-0.19717395151446829	0.15087803565460944
glass_num_34	O_358_Si_596	144.74944922804772	169.60354488168906	4	4	0	1.1611055807392157	2.957	-0.22179417759102238	0.14908550009084387
glass_num_34	O_337_Si_599	124.64193890816611	152.72984231700295	3	3	0	0.8276982875045313	3.240	-0.18533883269654106	0.18568386488438932
glass_num_34	O_268_Si_605	147.83190326945305	159.37049399792332	4	4	0	0.7873157340394362	3.027	-0.13764621640845356	0.18407520214469081
glass_num_34	O_100_Si_628	131.53826114451562	158.21322721328406	3	3	0	1.0839848462533468	3.484	-0.20626307112585887	0.15901643184828418
glass_num_34	O_286_Si_633	151.8696918303716	169.84611253858697	3	3	0	1.0904121565569254	3.183	-0.23273546150634802	7.6786726210085227E-002
glass_num_34	O_577_Si_637	130.40181266488707	153.23740247386684	4	4	0	0.781653653697743	3.239	-0.18992744671590170	0.14237734745451278
glass_num_34	O_529_Si_646	172.27784933005242	168.36810703415404	4	4	0	0.7233393789381779	3.129	-0.24024986884340604	2.9871166233349688E-002
glass_num_34	O_28_Si_650	148.02691112958254	144.72786246204709	3	3	0	1.2990974450739257	3.412	-0.19358324525923942	8.9691898612509147E-002
glass_num_34	O_253_Si_651	173.19674924554175	169.32337378343345	4	4	0	0.8381588798617008	2.973	-0.16632704226177292	0.17600211637808855
glass_num_34	O_49_Si_652	131.71808072607743	161.21702071317387	2	2	0	1.278295378319084	3.236	-0.13116725897579803	0.10958654593255877
glass_num_34	O_7_Si_659	132.70858427410724	162.29792531008448	4	4	0	0.3415688089314914	2.763	-0.23040125153698932	0.14854080800835975
glass_num_34	O_391_Si_659	129.2303488912353	64.78912844465476	4	4	0	0.5740211525156828	3.162	-0.23040125153698932	0.14854080800835975
glass_num_34	O_322_Si_671	143.55012389559465	156.53079350314957	4	4	0	1.377567444152782	3.300	-0.20607643472503104	7.4921309168932027E-002
glass_num_34	O_118_Si_672	154.8641716584979	173.90330411476955	3	3	0	1.3774438758980125	2.935	-0.20372453897888362	8.0189585957675627E-002
glass_num_34	O_436_Si_682	141.46556004160755	168.49608008778895	4	4	0	1.7774516407747403	3.324	-0.24944894841257861	0.10449277829631010
glass_num_34	O_427_Si_684	148.8202381945502	171.9531887916232	4	4	0	1.6361284341978626	3.435	-0.20077183688578848	5.6005618862515309E-002
glass_num_34	O_352_Si_686	151.43513325571553	133.27967666424027	3	3	0	1.3139564687692735	3.459	-0.24925518783636358	6.8794863265064565E-002
glass_num_34	O_316_Si_689	144.27574634740014	153.05471582984777	4	4	0	0.8350991934873465	3.445	-0.25182953030441985	0.12344583221751655
glass_num_34	O_103_Si_694	171.20857720352166	165.11380969147834	3	3	0	1.0391477028483116	3.357	-0.20503944009805430	8.5540980412859305E-002
glass_num_34	O_424_Si_701	161.9230311262708	153.38072470005088	4	4	0	1.3838766935988633	3.181	-0.20299485717917709	6.2378118006689215E-002
glass_num_34	O_37_Si_702	151.97987674571326	174.62083348702004	4	4	0	1.2777591612936152	3.193	-0.21425599579237672	0.12907825237341908
glass_num_34	O_331_Si_703	148.0381490201449	136.76701955178407	3	3	0	1.1008932979206922	3.460	-0.22710272735176451	0.12678807925143123
glass_num_35	O_559_Si_597	153.19669531469398	166.1281006076316	3	3	0	1.02019375440525	3.416	-0.25751356454840485	0.16474657972436046
glass_num_35	O_100_Si_611	133.3340382299027	165.31247116674538	3	3	0	1.4904930203730506	3.240	-0.18266896910572714	5.7284462485761148E-002
glass_num_35	O_28_Si_615	171.33917596564325	153.48993818821992	4	4	0	0.3232642882493717	3.178	-0.26317108171956027	4.4331775626220468E-002
glass_num_35	O_328_Si_642	152.55895709884484	167.62756342486878	4	4	0	0.8451138289354336	3.053	-0.28650471942562139	0.16053550312666576
glass_num_35	O_343_Si_659	149.98631313034983	172.68841388933345	4	4	0	1.4963244880074515	3.335	-0.20061358713422908	7.0331079739003585E-002
glass_num_35	O_40_Si_663	147.35420653885748	175.97604490756788	4	4	0	1.2250608139537664	3.263	-0.19532466046918970	0.12089075402286002
glass_num_35	O_157_Si_675	147.48542300023257	158.14174964279198	4	4	0	1.613996838731627	3.350	-0.22679956294390621	4.3995840275904363E-002
glass_num_35	O_250_Si_679	161.05254580297859	160.4983895853016	3	3	0	0.7664716678153343	3.367	-0.23751303281275046	7.7250026801199329E-002
glass_num_35	O_550_Si_694	141.71998604882899	155.57988996023215	3	3	0	1.1709237833618185	3.306	-0.22996554035927094	9.0548107728063446E-002
glass_num_35	O_67_Si_696	161.21995057355323	156.04839051679514	3	3	0	0.8410016144166454	3.183	-0.24888887251291880	8.4498188512534461E-002
glass_num_35	O_52_Si_698	166.14713395586972	152.93383486720387	4	4	0	1.1046156326797547	3.281	-0.21973819197534672	0.10727952428590237
glass_num_35	O_481_Si_698	150.37971933652764	170.93563348557484	4	4	0	1.240454946976419	3.248	-0.21973819197534672	0.10727952428590237
glass_num_35	O_370_Si_706	155.78000862772183	167.72178653045313	4	4	0	1.3917758174928683	3.440	-0.23290561006456559	0.13137025672449210
glass_num_35	O_382_Si_706	161.8184170111054	159.23193392421862	4	4	0	1.040938545641526	3.336	-0.23290561006456559	0.13137025672449210
glass_num_35	O_49_Si_707	148.80350479629746	146.34547576917225	4	4	0	1.4009355134108636	3.461	-0.28692157061451762	5.4428187027416690E-002
glass_num_35	O_109_Si_713	136.8035645456688	164.0328405102912	4	4	0	0.9682011703726169	2.979	-0.28822863309716412	8.9959398097786039E-002
glass_num_35	O_301_Si_720	144.8230399136885	164.2506882802333	4	4	0	1.1988649850581259	3.099	-0.23991988109025453	5.2345115983916932E-002
glass_num_36	O_337_Si_607	132.56573118278655	171.20567806149046	4	4	0	1.2928487455960185	2.865	-0.20330915607768793	0.14304598838135357
glass_num_36	O_460_Si_629	159.70380846512975	169.3327823321584	3	3	0	1.1957467223398575	3.302	-0.22416836225347381	5.6752859447727670E-002
glass_num_36	O_160_Si_638	170.64825530524863	173.6757918328413	4	4	0	1.2191870175365358	3.211	-0.28285984802994135	4.8915085131795107E-002
glass_num_36	O_232_Si_641	151.33254398256116	136.59494170298694	4	4	0	1.7828629851734246	3.331	-0.18803589578044097	0.24745777684981166
glass_num_36	O_289_Si_642	150.68853901791735	167.05436463754754	3	3	0	1.2895582774301164	3.472	-0.27612528817919879	7.9559747028335404E-002
glass_num_36	O_592_Si_642	163.80424132075095	167.48304907136702	3	3	0	1.2523926091682611	3.273	-0.27612528817919879	7.9559747028335404E-002
glass_num_36	O_529_Si_646	132.29069581930813	162.55178102336748	4	4	0	1.210570368390692	3.395	-0.21468015105937063	0.15399737559111240
glass_num_36	O_313_Si_649	167.72497391760868	159.7235972284651	4	4	0	1.8028259422078918	3.248	-0.27605769284924314	8.4159560331220781E-002
glass_num_36	O_121_Si_656	131.1724154740351	141.97758286324913	3	3	0	0.7177025294214829	3.500	-0.20152356436378585	0.14793372182766823
glass_num_36	O_424_Si_658	134.28153652415605	165.50549749697424	4	4	0	0.7900052092867975	3.209	-0.22787508451193791	0.11600041402436531
glass_num_36	O_166_Si_658	136.39953737398403	134.8227855057885	4	4	0	0.8672088560022021	3.183	-0.22787508451193791	0.11600041402436531
glass_num_36	O_1_Si_662	142.286071914796	163.0684991172393	4	4	0	1.1884122042803342	3.484	-0.23759635630665180	5.5140268250697115E-002
glass_num_36	O_457_Si_663	139.25011281767956	153.6051263099953	4	4	0	1.0163606959494969	3.151	-0.20101099262867725	0.12506204162210424
glass_num_36	O_427_Si_664	151.66428723999147	170.96889873648993	4	4	0	0.9517321611314673	2.896	-0.28310036484082346	7.4030378060563548E-002
glass_num_36	O_91_Si_671	124.37547830265062	178.19554193838871	3	3	0	0.9457102946063897	3.300	-0.20676331052562436	0.19153260315837931
glass_num_36	O_343_Si_683	128.6151714486535	158.4018925913442	3	3	0	0.8196123225616907	3.333	-0.20746971810570458	0.21154732721458219
glass_num_36	O_385_Si_698	144.0037785078572	179.05198851025034	4	4	0	0.6735381218507371	3.049	-0.21604058368996079	0.14750293177393120
glass_num_36	O_454_Si_698	135.021957254544	177.97040219894515	4	4	0	0.960279341609692	3.157	-0.21604058368996079	0.14750293177393120
glass_num_36	O_274_Si_699	162.57054026163755	165.3621625590345	4	4	0	1.2130135386717245	3.081	-0.23231438199649754	0.11032777325662826
glass_num_36	O_217_Si_701	156.44755416217194	168.73124743580738	3	3	0	1.4672403832448775	3.414	-0.19932133325205167	8.6742965978072628E-002
glass_num_36	O_397_Si_703	163.72363296341092	171.98434193488475	3	3	0	1.056252258649591	3.404	-0.19207183569553896	0.12801866084672206
glass_num_36	O_55_Si_706	152.41302603226958	162.02322073442983	4	4	0	1.378307846260564	3.057	-0.24803266442668651	8.1123237531639719E-002
glass_num_36	O_331_Si_710	167.3317807596135	171.14388776107737	4	4	0	1.1814599377064805	3.051	-0.21869471234945123	5.7885171176116842E-002
glass_num_36	O_601_Si_711	140.31987707413234	175.46265533114948	4	4	0	1.5146133797752332	3.005	-0.22938350644650005	6.0834925686796174E-002
glass_num_36	O_322_Si_714	143.17460136381757	173.41362056259845	4	4	0	1.3266601650036591	3.428	-0.25579696760649656	8.7078028735113278E-002
glass_num_36	O_211_Si_718	143.44371983610716	147.14287350896328	4	4	0	1.3019674501857306	3.344	-0.22601256128838018	0.16920150090019331
glass_num_36	O_541_Si_729	137.72417095132636	169.43433769479273	4	4	0	0.7882057894424697	3.419	-0.25269643956732063	0.15304137830840228
glass_num_37	O_121_Si_600	159.88526983033518	164.94502365887686	4	4	0	1.2842265482563786	3.021	-0.19675235349948761	8.1964892088367686E-002
glass_num_37	O_190_Si_608	156.4767473039274	158.08758080306507	3	3	0	0.9399136749805912	3.345	-0.19837426204195574	5.9667411156656802E-002
glass_num_37	O_196_Si_613	148.056464857409	172.00919677837803	4	4	0	1.2580950339634622	3.263	-0.19326615274066261	0.11105831241692234
glass_num_37	O_163_Si_615	162.11072070577143	166.6321492226185	3	3	0	1.9395118899138646	3.275	-0.19121570290615850	9.7605977466479019E-002
glass_num_37	O_340_Si_615	147.35197378248284	176.59229025437588	3	3	0	1.4079431533944131	3.184	-0.19121570290615850	9.7605977466479019E-002
glass_num_37	O_199_Si_624	164.44507782597026	169.0152872906115	4	4	0	1.3806702406695361	3.364	-0.20090002412679944	9.6194023545298574E-002
glass_num_37	O_112_Si_630	160.87962040040605	142.02260163386077	3	3	0	1.3629635006675298	3.455	-0.20820359829651372	8.8073312567439499E-002
glass_num_37	O_511_Si_636	148.41963278131996	175.09758360893056	3	3	0	1.114419744742462	2.996	-0.17002184962986031	9.3088646402718869E-002
glass_num_37	O_451_Si_660	152.26651551272212	154.39008038185042	4	4	0	1.4304204392581186	3.211	-0.15057354950333138	5.9814169172943021E-002
glass_num_37	O_259_Si_662	148.906621263105	170.08663548869572	4	4	0	1.2489135477437303	3.088	-0.25297022837796090	6.8934124417987172E-002
glass_num_37	O_469_Si_678	155.92885771158046	169.32392746151447	4	4	0	0.85227202857277	3.389	-0.25380119526364014	0.12710702617229447
glass_num_37	O_520_Si_682	135.32209886022966	165.84310898395333	4	4	0	1.7563772186375883	2.960	-0.19988494007298574	0.11214525338237183
glass_num_37	O_277_Si_684	136.5934539594934	175.03695437329546	4	4	0	1.153487226091977	3.124	-0.20571521063683718	8.3875082401539458E-002
glass_num_37	O_316_Si_688	138.42367909452202	170.54577922989947	3	3	0	1.469198047483956	3.350	-0.21946254040943422	7.6567161914374904E-002
glass_num_37	O_229_Si_691	173.82740770696662	178.07784710150102	4	4	0	1.426998813561509	3.033	-0.18902874672706346	0.19265934439567065
glass_num_37	O_550_Si_698	130.25032323197058	155.63747780687194	3	3	0	0.9127169371693342	3.186	-0.23906158987827633	0.12146995027776465
glass_num_37	O_64_Si_701	164.44160581093388	175.25346649031982	4	4	0	1.6266257247567837	3.019	-0.17860487636370478	0.13505952294759119
glass_num_37	O_40_Si_706	130.41799829696956	169.25081839477357	3	3	0	0.788446719090799	3.201	-0.20908868595145366	0.12861402512375367
glass_num_37	O_565_Si_709	123.18361791548178	52.661116448933576	4	4	0	0.6993836616106163	3.463	-0.11428776965473969	0.19660817440182132
glass_num_37	O_430_Si_711	143.62651293375603	168.36181382895077	2	2	0	1.7278835566340112	3.298	-0.18431557920756869	3.2856493985054726E-002
glass_num_37	O_487_Si_715	139.89793095732819	152.07079329084453	3	3	0	1.4053912169427907	3.200	-0.14606296235267940	8.5555211536993497E-002
glass_num_38	O_406_Si_593	150.2793767655262	165.36815882521762	3	3	0	1.0690056816139668	3.274	-0.24400993476780561	0.12928988789144003
glass_num_38	O_205_Si_597	158.1920520692433	178.7165300554263	4	4	0	1.0397717547607899	3.096	-0.21769417013050307	6.9929114904183520E-002
glass_num_38	O_553_Si_600	174.35681813549397	160.2816244104942	4	4	0	1.1142312409727113	3.484	-0.35410762909998700	7.1196088597047555E-002
glass_num_38	O_274_Si_603	159.0616304996602	151.94243712446843	4	4	0	1.0990404015333401	3.350	-0.19839738462115056	0.12181021856214878
glass_num_38	O_226_Si_610	140.32586161304303	156.32642794356738	3	3	0	0.7109464794012577	3.365	-0.23183537858335565	0.11843213504842830
glass_num_38	O_487_Si_623	142.15437589166115	155.45278348419998	4	4	0	1.6574950191008129	3.198	-0.22912369228544124	0.14448303319041719
glass_num_38	O_400_Si_625	171.72753152239005	163.3868905144182	3	3	0	1.1576622922266935	3.218	-0.31093825827004878	4.1824259946995214E-002
glass_num_38	O_46_Si_627	162.74065042160677	167.41954847142128	4	4	0	1.1499477271081748	3.084	-0.27377922507256108	0.12324736710148820
glass_num_38	O_211_Si_627	139.17221436652204	175.72264422028996	4	4	0	1.0670198457395332	2.912	-0.27377922507256108	0.12324736710148820
glass_num_38	O_322_Si_630	156.56171238064024	171.92435136724234	3	3	0	1.360811282528252	3.339	-0.27146830119163506	0.15230476946481256
glass_num_38	O_277_Si_637	143.89199149262518	149.16296244137317	4	4	0	1.0013776301218584	3.343	-0.27121989211555292	0.12454168695956321
glass_num_38	O_196_Si_640	142.17288287685008	158.8055698888193	4	4	0	0.7659792117252849	2.795	-0.15981441519931497	0.16728016782347685
glass_num_38	O_58_Si_702	160.42588533580002	149.40982948894526	4	4	0	1.0867844054539768	3.215	-0.29632192858267753	6.3622008117559956E-002
glass_num_38	O_418_Si_704	126.29284911610831	171.0200326375272	4	4	0	0.7721173532290989	3.170	-8.9535781228197178E-002	0.25567668675413630
glass_num_38	O_223_Si_705	146.07996073031302	159.96111431118848	4	4	0	1.4262230045220476	3.182	-0.18549153992966039	0.16340662267543904
glass_num_38	O_187_Si_711	136.54361860444325	154.0568036890953	3	3	0	0.8263489080050723	3.396	-0.24004318519004453	0.11986086244499765
glass_num_38	O_265_Si_713	168.08770015497794	142.65475478559316	3	3	0	1.23667280497536	3.439	-0.27613363289044751	4.3179477849813616E-002
glass_num_42	O_520_Si_593	147.579094570644	172.3546992872013	3	3	0	1.488188280491797	3.262	-0.23093573886203980	0.14058362850379738
glass_num_42	O_223_Si_599	173.18914986959385	162.9269164513816	4	4	0	1.52418153599544	3.310	-0.18348831181314737	0.12887288479301223
glass_num_42	O_214_Si_601	122.04169477526519	178.3058031092997	4	4	0	0.22030728467714136	2.712	-0.15724575760093873	0.19663217857057125
glass_num_42	O_229_Si_603	145.95214974921367	162.5121345078236	3	3	0	1.1347172216321517	3.215	-0.22628082585108122	0.13144351215580144
glass_num_42	O_535_Si_603	156.54480419531956	171.68991017581703	3	3	0	1.1069974907794335	3.197	-0.22628082585108122	0.13144351215580144
glass_num_42	O_142_Si_608	130.5244486308675	178.59005104904438	4	4	0	1.7959385340696095	3.062	-0.19096236800839936	0.22656688533270958
glass_num_42	O_568_Si_613	152.76198074150062	171.5942470401509	4	4	0	1.6451064629403307	3.240	-0.24944603643431440	0.10899700469803314
glass_num_42	O_196_Si_615	160.21468083966397	163.4128815816742	4	4	0	1.260651951772985	3.046	-0.19470024253529017	0.11805288443838492
glass_num_42	O_133_Si_625	147.5896073883562	172.2877249003066	3	3	0	0.9331397205028131	3.331	-0.31247619321714876	0.11748073854965632
glass_num_42	O_532_Si_640	164.82183747765202	171.77554994009097	4	4	0	1.5892716398419215	3.059	-0.24823385621656749	9.4046359581595074E-002
glass_num_42	O_286_Si_659	147.5896073883562	57.43011576119755	4	4	0	0.8009349764474024	3.498	-0.22786935336817318	9.0265342290294773E-002
glass_num_42	O_394_Si_660	149.96789719869128	175.36163312022285	3	3	0	0.950779907524551	3.308	-0.27865917565296855	9.0047358340994602E-002
glass_num_42	O_106_Si_664	147.80842939922394	175.21351124444357	4	4	0	0.8006318645375728	2.834	-0.19726548881259096	7.4463217344391611E-002
glass_num_42	O_289_Si_669	162.67390106523058	171.64814862168672	4	4	0	1.5048083152359388	3.231	-0.20288059384748927	0.14176069819118486
glass_num_42	O_544_Si_673	171.72340712473593	170.12989447656975	4	4	0	0.8934572638407641	3.190	-0.32771288702173446	7.4577621063023250E-002
glass_num_42	O_58_Si_683	165.83118522662738	173.9900569118034	3	3	0	1.1774785858367722	3.170	-0.19652724228869412	0.11081067406771383
glass_num_42	O_430_Si_716	155.45898928723324	161.44669119916585	3	3	0	1.393461454975427	3.115	-0.20817434682186539	7.8536704694632420E-002
glass_num_43	O_358_Si_596	171.22962491674608	171.1068835272964	4	4	0	0.0919804551679157	3.004	-0.30487233142896275	0.10962711569599932
glass_num_43	O_343_Si_599	141.92289315122014	155.72969425969356	4	4	0	0.873989679884738	3.027	-0.22196366326500272	8.1795383739360128E-002
glass_num_43	O_388_Si_609	155.23921045751223	140.5409878710574	4	4	0	1.357992979233954	3.439	-0.25971783231815238	8.2708068164307993E-002
glass_num_43	O_499_Si_609	157.68227015992537	172.8320833644833	4	4	0	1.6147052744406776	3.128	-0.25971783231815238	8.2708068164307993E-002
glass_num_43	O_64_Si_613	151.6414661642341	166.64232338925137	4	4	0	1.8775815331286947	3.405	-0.20338986939081863	8.7227668627895244E-002
glass_num_43	O_325_Si_620	159.6148658267064	162.1287895604765	4	4	0	1.4277701077380665	2.882	-0.24550711666699529	0.11731393480438038
glass_num_43	O_472_Si_628	170.7108725628799	155.03249911730458	3	3	0	0.494548184122336	3.430	-0.19053602889432275	5.0429194434808360E-002
glass_num_43	O_355_Si_632	154.38335463005282	172.94110281548194	4	4	0	1.5368617325297433	3.235	-0.17579658554092994	0.10295454987516739
glass_num_43	O_283_Si_638	162.69703491981943	151.09522891189047	3	3	0	1.3716990829244091	3.487	-0.20656795531660180	9.7112807570389204E-002
glass_num_43	O_241_Si_641	130.6061301879035	167.1147462513839	4	4	0	1.056329383114354	3.260	-0.25646711483366330	0.12403298151569725
glass_num_43	O_406_Si_642	136.38228062863377	157.38537501679593	4	4	0	1.5201144287461124	3.326	-0.20671255851013215	6.5466861299087548E-002
glass_num_43	O_61_Si_646	141.60890587802197	66.54713290915689	4	4	0	0.19338911517013146	3.484	-0.26401528198092378	5.7767584072120008E-002
glass_num_43	O_244_Si_654	167.75443339598704	153.47957693040024	3	3	0	0.30112670561607524	3.439	-0.24400609560970465	7.1249118695040428E-002
glass_num_43	O_109_Si_655	149.90956449955792	168.02625574610713	3	3	0	0.5697923730575503	3.389	-0.24804885079893735	0.12013588115045382
glass_num_43	O_178_Si_666	151.91526442956737	152.20110832228212	3	3	0	1.0237789605970382	3.317	-0.22745103566972799	0.11751972481828619
glass_num_43	O_7_Si_676	137.36490625818305	160.14036515154962	4	4	0	1.133648019056732	2.948	-0.11262638276985187	0.16674284091927527
glass_num_43	O_55_Si_679	169.4502831981908	160.66844669358315	3	3	0	1.056761564140002	3.417	-0.25375569264615416	9.2794701142849947E-002
glass_num_43	O_106_Si_684	131.22582483553515	76.2830858617828	4	4	0	0.5500969679364327	3.369	-0.26460758738301687	0.12910188363378206
glass_num_43	O_538_Si_692	130.79409049566436	151.7940529825874	3	3	0	0.902479563995467	3.495	-0.22323250954057774	0.17712203709830915
glass_num_43	O_274_Si_696	173.00909133283696	164.44378950986993	2	2	0	1.032433185330045	3.284	-0.21103945945541766	0.10014629200171966
glass_num_43	O_316_Si_712	148.701711838926	169.69404480317436	4	4	0	1.3618872196857918	3.300	-0.22081434877249992	0.13730901000005813
glass_num_44	O_10_Si_595	140.60384667795847	165.55935823522196	3	3	0	0.8979875280717678	3.100	-0.22546959301655436	0.11723087987625049
glass_num_44	O_235_Si_605	157.6462161139629	56.910525916175516	4	4	0	0.5337702604764938	3.202	-0.30844647390172447	6.3502081929863452E-002
glass_num_44	O_367_Si_609	133.4259166910737	129.2449493122628	4	4	0	1.778922761647111	3.342	-0.21406909123157314	8.1409015969609783E-002
glass_num_44	O_421_Si_620	168.89024153911933	173.7878672645072	3	3	0	0.9951166576402692	3.289	-0.22377231230209885	0.13621814477963173
glass_num_44	O_172_Si_640	138.169390103697	158.38573525911968	4	4	0	1.6765847065700026	3.177	-0.19195190232050949	7.1365449240830228E-002
glass_num_44	O_79_Si_645	144.93935152417913	168.26647709286306	3	3	0	1.4157397053097307	3.242	-0.14030938786352376	0.14064572346036591
glass_num_44	O_163_Si_651	169.8799047630107	162.14272361555285	4	4	0	1.346481079488332	3.417	-0.15785057981666298	0.10778101026030470
glass_num_44	O_310_Si_665	143.17506287922126	162.62474561658834	4	4	0	1.156361477922875	3.257	-0.17275585869453122	0.15579655400354303
glass_num_44	O_199_Si_670	172.52273885730477	162.2426026396463	4	4	0	1.4679249540411794	3.268	-0.22685682580139743	4.3137471122894101E-002
glass_num_44	O_322_Si_698	151.27695553831376	162.75979797970547	2	2	0	1.2485786066390414	3.424	-0.18052904834651562	5.1203461079046025E-002
glass_num_44	O_73_Si_706	158.15971464102938	171.48720348032413	4	4	0	1.1040138751293027	3.216	-0.23938210632118606	0.13463356344892805
glass_num_44	O_316_Si_710	152.37331123190634	179.07017005073766	4	4	0	1.1670635810115277	3.178	-0.13123293349197293	0.10208365321324170
glass_num_44	O_457_Si_711	160.49733767421608	176.70529729370506	4	4	0	1.6413708353578293	3.240	-0.24686865148789230	9.8618791939980174E-002
glass_num_44	O_22_Si_715	153.1590543052618	159.8636863147699	4	4	0	2.059865100912292	3.268	-0.19326424051268812	0.11233223920161818
glass_num_44	O_445_Si_722	140.46023892359554	178.08920208064154	4	4	0	0.826369394020891	2.947	-0.26028696262070500	9.5423233232915669E-002
glass_num_44	O_196_Si_724	142.26099899180346	66.40030549055045	4	4	0	0.5465620835855928	3.302	-0.22398765539198159	0.17687929315744083
glass_num_47	O_259_Si_586	134.28510348534093	157.82868054106433	3	3	0	0.7007513291829504	3.209	-0.24682257765200644	0.16472316047937238
glass_num_47	O_121_Si_587	158.75708859265845	165.16247364201476	4	4	0	0.8146028444987037	3.188	-0.22910457891154701	0.10677059076595853
glass_num_47	O_25_Si_600	140.4220678929055	159.11428935943886	4	4	0	1.94028355999221	3.318	-0.16403200561511830	6.0352278619498170E-002
glass_num_47	O_250_Si_633	139.066769727089	171.85937847166238	4	4	0	0.37084109521480035	3.108	-0.28729524416437324	8.2265055989642052E-002
glass_num_47	O_532_Si_634	159.25721404343582	166.7936457773399	4	4	0	1.098712417009169	3.287	-0.19870380346884234	0.12125279182199929
glass_num_47	O_508_Si_637	123.96102430988778	168.2833339263982	3	3	0	0.9678745749924963	2.975	-0.15581593429582688	0.11381360061924559
glass_num_47	O_283_Si_646	146.61268111208727	158.97555422445342	4	4	0	0.03973221528414073	3.123	-0.31176832772270319	8.4857920039642876E-002
glass_num_47	O_337_Si_649	148.7504649540933	164.99123795915753	3	3	0	1.7471185663608333	3.452	-0.14844175686936342	0.10160248257824400
glass_num_47	O_88_Si_650	142.7058224393897	164.56312879379203	4	4	0	0.2246890453882803	2.717	-0.22446897668202592	0.12951983812235429
glass_num_47	O_550_Si_651	135.76717404017307	76.43976120681528	4	4	0	0.2675057963778276	3.180	-0.29928905789162180	6.3079997893823445E-002
glass_num_47	O_481_Si_652	150.88696948514007	152.24039037754946	3	3	0	1.1762790906488918	3.465	-0.17638138879543427	0.11375070546096235
glass_num_47	O_559_Si_656	146.6408685209182	149.2554631100905	3	3	0	1.4765067441037032	3.418	-0.18732483561530011	0.11234353217376197
glass_num_47	O_247_Si_662	163.8606958716698	155.33396732384074	4	4	0	1.4454840819946764	3.321	-0.26417283387634766	8.7873906339477503E-002
glass_num_47	O_421_Si_675	155.59418439567585	165.93002387008596	4	4	0	1.4337145849195732	3.133	-0.30892773014322067	9.3323084334988149E-002
glass_num_47	O_355_Si_678	147.0875813427695	55.221748410020524	4	4	0	0.2435618680908656	3.315	-0.20258079206690996	0.18686226525451535
glass_num_47	O_256_Si_678	128.9705047803236	177.22089601240862	4	4	0	0.4903435450121547	2.863	-0.20258079206690996	0.18686226525451535
glass_num_47	O_13_Si_684	131.40203604514554	170.240869084573	4	4	0	0.55278695498564	3.202	-0.15830897967769189	0.17018956367159888
glass_num_47	O_184_Si_687	127.78882151586166	173.02164604539456	3	3	0	0.5387481436837407	2.983	-0.16617074360872922	4.8801556077093564E-002
glass_num_47	O_34_Si_692	150.16099622200343	172.73180566542095	2	2	0	1.563915520951052	3.262	-0.21120810358804998	8.7783251880985000E-002
glass_num_47	O_130_Si_702	149.66061295270148	167.81015260583305	4	4	0	1.5095736546561707	3.233	-0.18012209307460547	0.13128675328035286
glass_num_47	O_1_Si_708	132.69392466339153	170.14689490981297	4	4	0	0.18746629282575844	3.230	-0.31965486541351240	0.11675377551528025
glass_num_47	O_166_Si_712	159.35570901148654	179.0253962605362	3	3	0	1.1329614396741252	2.872	-0.20184975746686371	9.4733860483309826E-002
glass_num_47	O_505_Si_712	146.1248031077448	174.22393216591666	3	3	0	1.3730507542119765	2.915	-0.20184975746686371	9.4733860483309826E-002
glass_num_48	O_106_Si_595	171.153909845846	164.61398942781423	3	3	0	0.791918781112626	3.276	-0.21630916885626564	0.15514319833962981
glass_num_48	O_118_Si_609	145.56207959450253	173.21886772693463	3	3	0	1.052921855591798	3.278	-0.28371204435834368	8.6542015768454661E-002
glass_num_48	O_94_Si_612	136.54520500146424	139.6718150781321	4	4	0	0.6895987183861454	3.448	-0.24835368671824221	0.13338799828827635
glass_num_48	O_253_Si_618	153.67308655143526	152.65944808208647	3	3	0	1.1128908193419842	3.294	-0.17840060272502023	0.12720352786470965
glass_num_48	O_538_Si_620	155.66233139256548	150.0536964838173	4	4	0	0.9110319845865394	3.457	-0.19480417066999042	5.4099969210724685E-002
glass_num_48	O_22_Si_627	142.06468828446313	52.76756178084269	4	4	0	1.5777075649621015	3.438	-0.17046282303407290	4.3755107834114265E-002
glass_num_48	O_205_Si_637	149.2156590774151	149.99368558873874	3	3	0	0.6404552167300552	3.344	-0.25323036165744067	0.13492048119868033
glass_num_48	O_565_Si_637	159.05784819641744	170.36478341848732	3	3	0	1.1233518434114949	3.243	-0.25323036165744067	0.13492048119868033
glass_num_48	O_340_Si_646	156.57109303693414	170.22541709881648	3	3	0	1.5538450534555404	3.368	-0.20677172573635741	0.10278366954304301
glass_num_48	O_589_Si_659	157.47350708166442	163.87664466112633	4	4	0	1.331944210938945	3.106	-0.23337838735471120	0.16841986062704159
glass_num_48	O_139_Si_664	142.83584220248972	173.8984433071196	3	3	0	1.055061884748433	3.343	-0.12562158830741735	0.11574770337613227
glass_num_48	O_220_Si_673	139.66063256515847	170.01571758753144	4	4	0	0.9399125321590607	3.054	-0.27289332947980283	8.9975794142140075E-002
glass_num_48	O_157_Si_683	146.3456653975878	172.20230314103952	4	4	0	1.3882846818349903	3.381	-0.26156126813991670	9.3495743113895927E-002
glass_num_48	O_316_Si_685	164.48004602044554	162.24482490861558	4	4	0	1.0071585838133585	3.155	-0.26410427775616269	0.15234238256270830
glass_num_48	O_496_Si_693	130.34420115113886	160.18382144335476	3	3	0	0.7822107766291536	3.340	-0.25626201586949754	6.9889358245594752E-002
glass_num_48	O_178_Si_695	157.2085259046971	166.13073771654635	3	3	0	0.9651558811200888	3.304	-0.19370307743660611	2.4357185586743074E-002
glass_num_48	O_448_Si_699	146.73529879929924	173.53394665396172	4	4	0	0.8027575864504559	3.071	-0.24288414682320472	7.7049781152469327E-002
glass_num_48	O_112_Si_708	165.39352942969532	168.22525493677418	4	4	0	0.9056357663577649	3.228	-0.25427569387273846	0.12293773529746356
glass_num_48	O_460_Si_712	152.44204489928154	169.3418709390136	4	4	0	2.0394905662263603	3.343	-0.18964220223449993	0.15101063833306269
glass_num_48	O_304_Si_714	167.4650971411162	156.8712768431866	4	4	0	0.5442877351823293	3.402	-0.22563372666219225	6.7832883314013367E-002
glass_num_48	O_469_Si_717	156.63811821886532	168.65111015053967	3	3	0	0.7715665904967128	3.280	-0.19783622331818443	0.13716247446513416
glass_num_49	O_148_Si_588	149.6593183041918	164.9106628096866	3	3	0	1.0989014124597085	3.251	-0.19342229525704357	0.11062562830304795
glass_num_49	O_352_Si_592	167.50720358201704	175.4391632852708	4	4	0	1.6051228043276318	3.082	-0.22003014087774486	0.13566726644317148
glass_num_49	O_154_Si_594	167.82145286644993	165.06395002262386	4	4	0	0.7325286230369552	3.091	-0.23477039381794995	7.3508130972426991E-002
glass_num_49	O_250_Si_594	148.9148221630411	155.4114830791696	4	4	0	0.4384550079358895	3.268	-0.23477039381794995	7.3508130972426991E-002
glass_num_49	O_529_Si_599	154.78371800086603	145.89266432307576	4	4	0	1.128579113547829	3.378	-0.20181201643051075	8.0482370222675514E-002
glass_num_49	O_214_Si_602	152.05393615140648	175.90532260601483	3	3	0	1.5970130169685985	3.275	-0.19755728380766047	7.3295052098622596E-002
glass_num_49	O_133_Si_602	145.49895966178246	157.0959048054768	3	3	0	1.4618719282047596	3.213	-0.19755728380766047	7.3295052098622596E-002
glass_num_49	O_34_Si_603	134.34639020740497	170.42346377176145	3	3	0	0.8652342056373725	3.017	-0.23919597410100760	0.13179863325730709
glass_num_49	O_304_Si_607	143.1997185037352	155.84237200545013	3	3	0	0.8620838696933039	3.263	-0.22531710181020004	0.11262553710992118
glass_num_49	O_475_Si_616	153.7523058517382	166.47238447373238	3	3	0	1.2380552743874014	3.238	-0.24526229431886523	7.9966629880069612E-002
glass_num_49	O_169_Si_623	154.8121226684979	169.9072311558177	4	4	0	1.0774694010366213	3.244	-0.21053371280927083	0.10908223403539202
glass_num_49	O_85_Si_627	145.7928764440808	165.46091580450735	4	4	0	1.0136248363765896	3.166	-0.15113400788820114	0.11566845317695168
glass_num_49	O_397_Si_635	134.91880006506142	166.53889668306243	4	4	0	1.1092564042095192	3.102	-0.26534912204873895	0.12185899519482965
glass_num_49	O_172_Si_639	160.8584531851199	161.22005367870608	4	4	0	1.3434318834785517	3.442	-0.27144527174481570	0.10550897785572438
glass_num_49	O_415_Si_642	172.18485597665727	175.61381140924718	3	3	0	1.3400525449001925	2.946	-0.25268501842567775	0.11279646173622201
glass_num_49	O_553_Si_644	155.4225868299283	70.70592900872441	4	4	0	1.6642538900670605	3.318	-0.19620845373280557	0.11956859834936798
glass_num_49	O_346_Si_668	155.25753613374135	167.62237357160168	3	3	0	1.253150098348979	3.152	-0.20639023520951238	6.5650878786238265E-002
glass_num_49	O_502_Si_675	130.54170792014213	174.01763180937573	3	3	0	0.8166854641196484	3.058	-0.17710263228142795	0.12599512004476485
glass_num_49	O_439_Si_685	139.42367861636433	143.72328884261364	4	4	0	1.2139533777441516	3.406	-0.19419715871622154	0.12341620427234325
glass_num_49	O_478_Si_692	150.16665171717506	171.6918944633448	4	4	0	1.6239481731470577	3.330	-0.15835012254617795	0.14628886125591420
glass_num_49	O_421_Si_697	161.14650566318065	174.7210297605583	3	3	0	1.0408806336069591	3.280	-0.24991915206665863	0.15299131811794842
glass_num_49	O_217_Si_705	159.90040094658303	164.49944466562408	4	4	0	1.9896204619997548	3.319	-0.18221762462677307	5.0595175969882403E-002
glass_num_49	O_331_Si_707	136.266165542967	167.6193926609162	4	4	0	0.9984766944333787	2.991	-0.23172679462245341	0.14514077160098895
glass_num_49	O_322_Si_708	175.61833527085213	163.69815790328397	4	4	0	0.9932261671594242	3.414	-0.28622371836796956	9.2424111241585713E-002
