Glass_number	Filename	Si_O_Si_Bond_angle	O_Si_O_bond_angle	number_bridge_oxygen	env_chem_si	env_chem_al	Activation_barrier	initial_water_si_distance	Stress	Shear
glass_num_0	O_538_Si_597	165.35545032386545	163.81798594814106	4	4	0	0.6563033771759729	3.254	-0.25200705000171020	3.7174977532947066E-002
glass_num_0	O_1_Si_606	134.17943805960167	161.83465481282497	4	4	0	0.8062793241830386	3.273	-0.22599511778203971	0.15897644941362299
glass_num_0	O_238_Si_614	125.79687236707547	153.50731445326662	3	3	0	0.5423262689800672	3.396	-0.18227894642547215	0.16462019316191087
glass_num_0	O_430_Si_623	167.9709495455831	158.20800630740263	4	4	0	0.7259528061740039	3.278	-0.25449481784156153	8.0671810068378424E-002
glass_num_0	O_49_Si_627	128.2615680048262	146.03567711091554	4	4	0	1.0877523848514346	3.321	-0.25513884559756156	0.11608565761708943
glass_num_0	O_73_Si_632	133.15599866925362	159.9426288060209	4	4	0	0.795008762272368	3.247	-0.12951302594605582	0.19898747662836608
glass_num_0	O_133_Si_637	151.95749787993324	142.18411521430008	4	4	0	1.314682048214781	3.440	-0.23234716019784782	7.2753541596310173E-002
glass_num_0	O_391_Si_651	150.38891673923936	151.66690894811632	3	3	0	1.4248603003607867	3.166	-0.24937456486933671	8.7347956423551310E-002
glass_num_0	O_241_Si_656	158.54791135661935	163.2510289502162	4	4	0	1.1005791659543653	3.306	-0.16073805830782620	9.8118909906550700E-002
glass_num_0	O_4_Si_659	149.9288752474338	169.85683166696487	2	2	0	1.3130512878060092	3.351	-0.18249746716571014	6.8537312747042778E-002
glass_num_0	O_229_Si_665	143.61269726266522	158.58794544427357	3	3	0	1.3573535829584036	3.436	-0.17753459354634235	8.5012307435829493E-002
glass_num_0	O_364_Si_666	142.2374937015118	169.19599250152382	4	4	0	1.1220281850985527	3.126	-0.30194752117273832	0.10561123242446521
glass_num_0	O_577_Si_676	146.617944816209	176.63722492358113	3	3	0	1.2815007586974656	3.046	-0.20530369113885136	7.6043109260022584E-002
glass_num_0	O_436_Si_677	144.16925616211626	175.02387665745846	4	4	0	1.483418382398198	3.373	-0.26993570726408506	8.1308123447391287E-002
glass_num_0	O_454_Si_688	149.41621541076935	173.595867040439	2	2	0	1.6392239230267993	3.394	-0.20587878943110369	8.6299858585571668E-002
glass_num_0	O_244_Si_694	149.33295854799132	174.5299287440401	4	4	0	0.9529945275684227	2.896	-0.25408936629508183	0.10036008407138930
glass_num_0	O_463_Si_699	149.62222716826486	166.88660311907165	3	3	0	1.8631337785234856	3.295	-0.18643338687530839	8.0861816229313321E-002
glass_num_0	O_124_Si_706	134.7139622708562	176.80226278380016	3	3	0	1.0848021046599343	3.056	-0.16796991371262093	0.13593227277750861
glass_num_0	O_277_Si_715	125.79687236707547	164.3448724350315	4	4	0	1.3218617552719392	3.068	-0.16032732764329374	0.17393790808698731
glass_num_1	O_553_Si_569	152.33685332974528	164.43819195512174	3	3	0	0.861617584463952	3.439	-0.23660170852372067	0.16867744402576540
glass_num_1	O_253_Si_575	132.18328231344736	156.69937618480523	4	4	0	0.9264561076853512	3.181	-0.25196640410848464	0.12143068702728060
glass_num_1	O_319_Si_585	172.10859732168407	171.02548713574828	4	4	0	1.518899137320754	3.243	-0.18395908980258666	0.14213358377783647
glass_num_1	O_244_Si_588	153.32143376068888	172.4936624167878	4	4	0	1.5623842742919798	3.433	-0.22947801263160258	5.0962290017613369E-002
glass_num_1	O_112_Si_590	156.97386441391936	171.0250458134108	4	4	0	1.2598531409884277	3.177	-0.25573202908522674	0.12789192039582895
glass_num_1	O_364_Si_593	165.1683540503841	173.10680045756266	4	4	0	1.6312507152830091	3.261	-0.19189119317930434	5.9686511710436971E-002
glass_num_1	O_235_Si_598	135.3852545405982	169.676272236738	4	4	0	1.132289324085632	3.050	-0.19967070184606370	0.15810220953242934
glass_num_1	O_139_Si_601	147.26329471347287	168.78030198211613	4	4	0	1.5077877909629975	3.198	-0.22428597755011803	0.10368202491243153
glass_num_1	O_298_Si_605	161.85690123186447	151.9234622367857	4	4	0	1.2846655848695312	3.353	-0.23216937259837814	6.2660122199555607E-002
glass_num_1	O_295_Si_608	144.39446278693364	160.24986510492363	4	4	0	1.1184766037442797	3.256	-0.19077540029686912	4.4160990799190412E-002
glass_num_1	O_64_Si_609	156.2212424825149	168.9120469975421	2	2	0	0.5105122474855416	3.269	-0.21303342630016461	9.1804280495417293E-002
glass_num_1	O_184_Si_615	147.78014234250617	157.24055024862324	4	4	0	0.5036043753961454	3.413	-0.14338703064535238	0.12745618870379205
glass_num_1	O_175_Si_620	137.46147762952378	172.5854489438612	4	4	0	2.138324201638699	3.077	-0.18804138270583426	0.14396624472981612
glass_num_1	O_313_Si_634	164.39193078586078	150.35326582129443	4	4	0	1.6109938483458965	3.443	-0.15230873602707681	0.13422627357543812
glass_num_1	O_466_Si_641	133.86339049300284	174.47271801808105	2	2	0	0.8302859225401376	3.295	-0.13878749259724288	0.16889087165713451
glass_num_1	O_400_Si_654	157.73153236537982	158.9108352698088	3	3	0	0.8917958634160255	3.477	-0.21693607794805356	8.5113096547395586E-002
glass_num_1	O_550_Si_658	158.91216346428723	171.8311324005797	4	4	0	2.3717508126911464	3.479	-0.24396658394593920	0.11996014951823925
glass_num_1	O_451_Si_669	148.43594621391676	179.58999720732362	4	4	0	0.7065374142387775	3.034	-0.21135900513702408	0.17476309263183690
glass_num_1	O_148_Si_673	160.18413661555044	174.79923766618256	4	4	0	1.443223052828497	3.105	-0.23429966680824085	0.12105491907401456
glass_num_1	O_439_Si_676	173.0395930910069	172.709428668637	3	3	0	1.6375307454544517	3.257	-0.23460784425534378	4.3251677564097653E-002
glass_num_1	O_388_Si_683	145.59770738826845	170.42850906657532	3	3	0	1.2560352185739476	3.019	-0.14948380463198441	0.10854107104459780
glass_num_1	O_115_Si_693	158.56095950959156	167.45219379852867	4	4	0	0.4467237936635792	2.868	-0.20866883915611370	0.11956307700832261
glass_num_2	O_355_Si_601	158.4944362597664	169.3601700005646	3	3	0	1.1613914124487807	3.108	-0.27377329083172519	0.10687742313076401
glass_num_2	O_157_Si_605	140.81224938788213	166.16498857424443	4	4	0	0.9177842931340353	3.064	-0.17004539089822143	0.16345764588008904
glass_num_2	O_136_Si_615	154.47095989100458	171.7790295594399	3	3	0	1.3971972554609098	2.921	-0.20371440026629362	7.9448853254177595E-002
glass_num_2	O_67_Si_621	169.20872928980722	165.70036460350917	4	4	0	1.512827308657655	3.148	-0.23133845652257581	7.1261805313372506E-002
glass_num_2	O_151_Si_625	130.3312817599551	160.456969765635	3	3	0	1.2998898566956258	3.188	-0.16863007041390929	0.13657393070858573
glass_num_2	O_379_Si_627	143.69320330656095	133.83542454368015	4	4	0	1.0182600382257216	3.459	-0.17182715526157247	0.12293703653395610
glass_num_2	O_100_Si_641	133.90052163081188	175.47541115800936	3	3	0	1.6399122647239086	3.099	-0.21800263354267022	0.10891618210064848
glass_num_2	O_91_Si_655	149.84583762326344	171.6281269083623	3	3	0	0.9289713064625339	3.027	-0.20041207419379523	0.10722324519122178
glass_num_2	O_493_Si_662	135.99962473657163	160.5098504931907	4	4	0	0.794479952915501	3.196	-0.21571763548430553	8.2938198633216151E-002
glass_num_2	O_445_Si_671	149.57561483570245	61.213788107835946	4	4	0	0.8043469676585157	3.449	-0.26997752482766862	0.12087614775710954
glass_num_2	O_328_Si_673	119.83496825705714	158.2908896458004	4	4	0	1.3784986758000777	3.038	-0.18155840472247553	0.15840748140956393
glass_num_2	O_208_Si_686	136.65189927738274	166.26461064665932	3	3	0	1.7543093407696304	3.166	-0.17651856456496595	0.16067886163721332
glass_num_2	O_442_Si_706	154.63564404549592	168.25725919399645	4	4	0	1.1488119269627228	3.279	-0.23544073457597089	8.8044825908450544E-002
glass_num_2	O_406_Si_713	162.41741149621026	169.1050590857135	3	3	0	1.5416831733980372	3.140	-0.20694086845722162	6.1056906437916766E-002
glass_num_2	O_574_Si_716	155.6794727522804	163.61367461749268	3	3	0	1.1848460243617247	2.900	-0.28214160324460447	0.11296496117238429
glass_num_2	O_532_Si_721	135.82811928653243	174.5119929972208	3	3	0	1.4950946498514648	3.169	-0.24296498628396454	5.5937491496148566E-002
glass_num_3	O_475_Si_581	146.6097575958139	145.12327895765966	4	4	0	1.5325293265772488	3.497	-0.19481959908025859	0.11044085770317316
glass_num_3	O_373_Si_588	150.29478992084225	174.91781779837703	4	4	0	1.3278378734762943	3.223	-0.24881698386946102	0.10651406945247797
glass_num_3	O_370_Si_590	124.69839788774281	171.4551135445592	3	3	0	1.2361726576519338	2.984	-0.17182031957100896	8.8961173417911710E-002
glass_num_3	O_406_Si_597	129.65878363705897	160.34259879999723	3	3	0	1.378549054356462	3.216	-0.17876818216527737	0.13723417383468742
glass_num_3	O_85_Si_609	153.88403502053288	144.12275893507112	4	4	0	0.3551570385891307	3.206	-0.12412395426743204	0.17295375733737192
glass_num_3	O_277_Si_614	158.2810514393305	170.96484314660205	3	3	0	1.3775616888672482	3.015	-0.18027060092160749	0.12095803517807686
glass_num_3	O_256_Si_615	162.08272984290193	169.7219449888869	3	3	0	1.2968962569030444	3.333	-0.18103708003706634	0.12767184999073664
glass_num_3	O_19_Si_636	149.1369172957349	174.12580445684517	3	3	0	1.5129108910982354	3.238	-0.20657148712254614	0.10928803256270082
glass_num_3	O_346_Si_638	167.61278218619339	164.60846722675936	4	4	0	1.114475725023291	3.198	-0.22970614882355997	0.13192303992270032
glass_num_3	O_481_Si_646	151.6913204673025	166.69435500785315	4	4	0	1.051843722232616	3.268	-0.17419006888069985	0.16448560002922216
glass_num_3	O_109_Si_649	171.05488899024166	163.71322690865543	3	3	0	1.2704146513524974	3.278	-0.22589944762518269	9.9738374533965626E-002
glass_num_3	O_574_Si_651	131.77609260507847	174.3521056725773	4	4	0	1.1948383388013502	3.399	-0.17290579560332878	7.7614630037768612E-002
glass_num_3	O_166_Si_660	133.82921635555758	178.25595124818284	3	3	0	1.4779827769084155	3.087	-0.18189106205400643	0.15352218710065119
glass_num_3	O_43_Si_668	135.40494499138785	154.16698489114606	4	4	0	0.6715958288224874	3.384	-0.19158726449141220	9.9769633413563888E-002
glass_num_3	O_271_Si_670	152.85183419011264	171.3156734916513	3	3	0	1.6128428678209035	3.315	-0.14182355431839105	7.0745265682911743E-002
glass_num_3	O_427_Si_674	146.10105431232597	174.8420222063399	3	3	0	1.727925137530388	3.019	-0.18481948559700748	9.1956733926573483E-002
glass_num_3	O_4_Si_691	154.0335086524328	170.37125996405553	3	3	0	0.8779514685091439	3.145	-0.20574706299364942	7.6228042651738617E-002
glass_num_3	O_7_Si_695	123.68976283220879	161.46117424908857	4	4	0	0.7873092933044582	3.375	-0.23562477308269991	0.11969163840439770
glass_num_4	O_166_Si_593	171.89868716138685	168.94231037741002	4	4	0	0.9703507451659601	3.473	-0.18838179732715568	5.6596000718670401E-002
glass_num_4	O_37_Si_607	137.18891298152192	155.09611453768736	3	3	0	1.072385130497601	3.490	-0.20201961856320569	0.12564035305218102
glass_num_4	O_304_Si_609	148.7828855354399	153.51386340989603	4	4	0	1.5031558947549362	3.311	-0.20226125924157348	0.11281630435459782
glass_num_4	O_142_Si_611	145.32362324763344	167.45605130311472	4	4	0	1.2096653546215934	3.318	-0.20967236800117717	8.5700666199658965E-002
glass_num_4	O_124_Si_615	165.8023234752816	156.26848084981017	3	3	0	0.7350285650683563	3.375	-0.31801721261031357	0.15689275017905976
glass_num_4	O_424_Si_617	168.77423803344368	167.79714411840607	4	4	0	2.2589251092989215	3.321	-0.30435138596499417	0.12508544299451674
glass_num_4	O_400_Si_628	158.80884008459049	164.32800477477255	4	4	0	1.648391981669616	3.282	-0.21986591022481058	5.0278239875671780E-002
glass_num_4	O_238_Si_632	138.09270479327478	173.79935377649016	4	4	0	0.7968612547269139	2.794	-0.23139306610234209	7.8948207146372656E-002
glass_num_4	O_415_Si_640	164.42810033099786	163.07945938638616	4	4	0	1.2055499355283459	3.223	-0.28220706453548550	0.15128613613260775
glass_num_4	O_472_Si_643	131.43767578558527	175.95184895464197	3	3	0	1.1021102861012135	3.201	-0.26046193684712476	0.12058377532122617
glass_num_4	O_499_Si_658	175.36357544776362	167.71629567296503	3	3	0	0.9859359698280731	3.193	-0.20989617931456586	8.6220970009068504E-002
glass_num_4	O_328_Si_667	159.82849292470303	151.13721206936842	4	4	0	1.4841558375428552	3.283	-0.18593549801460810	0.10043691334942648
glass_num_4	O_406_Si_679	143.80827288327515	119.36785580406354	4	4	0	0.7639683249391259	3.416	-0.20280347018812858	7.3755948650965061E-002
glass_num_4	O_373_Si_682	163.81046364397073	162.28944444214875	3	3	0	0.8385167359202432	3.272	-0.17415725942819607	5.6475416191530473E-002
glass_num_4	O_193_Si_691	170.47191429902395	173.60079649178033	3	3	0	1.7734175895074307	3.109	-0.21175252448371337	6.9218023533108311E-002
glass_num_4	O_235_Si_692	160.51491082031964	168.02182961107982	4	4	0	1.441254559884508	3.240	-0.25373629673516396	5.1657028916880600E-002
glass_num_4	O_184_Si_702	136.30628791174618	170.10817944615414	2	2	0	0.9786514660209298	3.416	-0.14861243769922131	0.17512095298095515
glass_num_5	O_94_Si_565	133.73551233369585	167.04013632267504	4	4	0	0.7056750506165828	3.498	-0.19390134547530366	0.15689846920545092
glass_num_5	O_217_Si_566	167.16896708771569	173.82030953492287	4	4	0	1.2853300695880165	2.821	-0.18354589921499687	0.15450508106524041
glass_num_5	O_352_Si_567	154.72018029621333	177.38452389991446	4	4	0	1.2332089402739959	2.836	-0.20930506608657021	8.1654504416746376E-002
glass_num_5	O_22_Si_569	159.53603543557065	166.9355230839341	4	4	0	1.0434762579213688	3.479	-0.12465902710720773	0.17852012196960845
glass_num_5	O_424_Si_570	148.85512137600193	173.87511115690856	4	4	0	0.4828426395130328	3.443	-0.27851796454209526	0.10421716159031492
glass_num_5	O_232_Si_575	145.09118293878194	174.46388572662542	4	4	0	1.2615445142575312	3.181	-0.15534645382993886	0.11178358078101810
glass_num_5	O_214_Si_581	147.28190191897852	150.890214145229	3	3	0	1.1711647243015932	3.474	-0.21986412087502330	7.3288517674167081E-002
glass_num_5	O_208_Si_585	135.07371096798346	91.94076237534948	4	4	0	0.48307775244390455	2.984	-0.17377381399519251	0.13739850935108228
glass_num_5	O_496_Si_586	153.3050409908164	155.48981219640228	3	3	0	0.9305118867181941	3.043	-0.23891939888597727	9.4324162250026447E-002
glass_num_5	O_226_Si_592	163.81535735672622	170.9434535624612	3	3	0	1.2064573316740583	3.352	-0.29367783161768785	4.9156582879745128E-002
glass_num_5	O_553_Si_598	156.83813048166266	178.03844778344703	2	2	0	1.2219893932908856	3.387	-0.25308079656657850	9.5130226975042739E-002
glass_num_5	O_463_Si_603	127.19143346555443	160.93712391735377	4	4	0	0.41543485838033584	2.710	-0.25284940519823279	8.4893816813058187E-002
glass_num_5	O_412_Si_609	159.79283306798982	172.1917481068056	3	3	0	1.038435741477032	3.179	-0.25793676860104514	9.1704414476353413E-002
glass_num_5	O_235_Si_624	157.25784319837453	154.61028855139568	4	4	0	1.4726361246249717	3.270	-0.25140667983688236	6.1389382927667283E-002
glass_num_5	O_454_Si_625	142.7783317249895	162.7413280460016	4	4	0	1.2078055836802768	3.094	-0.27003675985070802	7.7233129608968623E-002
glass_num_5	O_457_Si_626	146.2097665877306	175.16170779162206	4	4	0	1.1277589295658481	3.104	-0.21667226114650270	7.4574502871620457E-002
glass_num_5	O_316_Si_633	149.50949384534542	163.9386327058355	3	3	0	0.9554775517544546	3.471	-0.21599215640040015	7.3121276708855085E-002
glass_num_5	O_79_Si_639	159.37596129890207	167.6452002887279	4	4	0	2.1666446391311136	3.345	-0.22227529890050543	7.3871763631430207E-002
glass_num_5	O_556_Si_646	141.30430275835565	169.81497408920308	4	4	0	0.4397885047162575	2.945	-0.24854153242963117	0.10747841401908538
glass_num_5	O_7_Si_651	164.19455701388927	59.511399179082616	4	4	0	1.1945245612460729	3.260	-0.23486199505276184	8.1730110973960393E-002
glass_num_5	O_52_Si_664	168.89079176343995	142.35792726289463	4	4	0	0.6785245302248106	3.462	-0.21550976605178482	0.24051788003298319
glass_num_5	O_541_Si_686	131.51529338952892	168.9670170558272	3	3	0	0.7723990045295173	3.125	-0.19487110650973358	0.15404714279873161
glass_num_5	O_505_Si_689	171.8711109988442	167.45540656155782	3	3	0	0.3722923357797678	3.218	-0.26687095032685421	0.13938415966831505
glass_num_6	O_94_Si_582	143.1775661997688	167.84577113527365	3	3	0	1.7638127042888117	3.238	-0.17687489544553645	9.2309946442323654E-002
glass_num_6	O_352_Si_590	147.13274302933303	174.24279595507636	3	3	0	1.648052040103063	3.052	-0.22255344534247135	7.6576874925189289E-002
glass_num_6	O_301_Si_591	130.7248218239484	171.29208120078954	4	4	0	0.4959036910569501	3.348	-0.16255691245423060	0.14884070241533295
glass_num_6	O_10_Si_602	149.3900957675541	161.08874243278723	4	4	0	1.085921725658901	2.990	-0.21242040979353347	0.13286416996573919
glass_num_6	O_514_Si_603	126.13550151036156	159.226545420839	3	3	0	0.6851839489906979	3.013	-0.21670725022285042	0.20356374755944118
glass_num_6	O_244_Si_617	158.33396055300116	168.9204704716551	4	4	0	1.7929179807376465	3.212	-0.24564919376593849	8.4802616444314069E-002
glass_num_6	O_421_Si_619	134.74560645362286	174.74721737956543	4	4	0	1.0124595503581046	3.267	-0.23161433001591794	0.12593014481757603
glass_num_6	O_97_Si_622	145.39960894230217	164.1787027549963	4	4	0	1.3459463531315397	3.312	-0.26620917994023863	8.5164787771556921E-002
glass_num_6	O_55_Si_625	148.9677002788378	156.7562564836663	4	4	0	0.7440739434074959	3.438	-0.26307214475435536	8.8731602001322019E-002
glass_num_6	O_442_Si_628	140.5057635787953	150.99666923382722	4	4	0	0.5632866264274888	3.264	-0.24642062660879874	0.13294669156034869
glass_num_6	O_187_Si_633	138.0359927702887	175.86990420944363	3	3	0	1.3271773846690431	2.820	-0.21293327320263863	0.11788585789921466
glass_num_6	O_250_Si_634	143.5127316797035	167.00028521116624	4	4	0	0.977837640433267	3.265	-0.31440464957028230	0.11120356632014598
glass_num_6	O_295_Si_635	154.1798767671511	174.30319060817808	3	3	0	1.312736525596176	2.930	-0.24411636677970880	5.5686550984562176E-002
glass_num_6	O_409_Si_639	145.7095410044914	170.92346072731223	3	3	0	0.7893354504158563	3.219	-0.27006688320597699	0.11077578353144006
glass_num_6	O_571_Si_649	162.7735455054383	140.547121097922	4	4	0	0.3212632794470594	3.213	-0.30538501109029803	8.9013153191540337E-002
glass_num_6	O_265_Si_666	160.7744227546503	167.21675932918643	4	4	0	1.4414355672799817	3.371	-0.27947062686573032	8.5948876615556863E-002
glass_num_6	O_391_Si_674	172.32662492284186	154.97696768916734	3	3	0	1.7721285204534407	3.486	-0.25110260599391293	0.10390285315822008
glass_num_6	O_379_Si_694	161.48192520458585	162.96773612646805	4	4	0	1.0298226407536666	3.335	-0.18298034409600372	0.13363834040114772
glass_num_6	O_475_Si_699	158.2165418302962	169.5897199965808	3	3	0	0.9565963551009409	3.148	-0.21006484729570382	9.7921625948032776E-002
glass_num_6	O_424_Si_703	160.9288341498489	158.02885789307084	4	4	0	1.6853321002390669	3.329	-0.26652017951555995	7.3741207891134156E-002
glass_num_6	O_58_Si_707	176.5199334940337	164.79622296349945	3	3	0	2.0171067041544037	3.359	-0.24513209294067481	6.0976490301512754E-002
glass_num_7	O_103_Si_578	144.90261571421343	172.65933165869953	3	3	0	1.176366841169366	3.280	-0.22643904747994514	0.10766672749603770
glass_num_7	O_217_Si_581	156.37015604238456	163.7261222538237	4	4	0	0.8973616276724119	3.003	-0.21941056949200247	9.5835033596117419E-002
glass_num_7	O_493_Si_587	141.09223719430528	168.68323436941745	3	3	0	1.1470772388728336	3.281	-0.12514526754304081	0.15799564137998218
glass_num_7	O_409_Si_588	169.29502419233953	173.60379047606304	4	4	0	0.9155560905086413	3.274	-0.28633179380392298	6.4495473251534222E-002
glass_num_7	O_127_Si_589	147.1178154187718	171.59163461346475	4	4	0	1.2523118081911235	3.316	-0.27279806135674461	5.3375866144515616E-002
glass_num_7	O_139_Si_601	158.49638343966717	159.7594954153749	4	4	0	1.1014011038181664	3.428	-0.25629538623260578	0.10250528655576047
glass_num_7	O_526_Si_609	130.3232066315989	69.97259217430809	4	4	0	0.24828497818984663	2.837	-0.25670419679399387	9.9333625075695875E-002
glass_num_7	O_40_Si_615	171.15105651601806	166.85786130602136	4	4	0	1.6802318812187265	3.352	-0.19953410656464868	5.8130915963386202E-002
glass_num_7	O_25_Si_625	146.70132199079282	166.82765625301033	3	3	0	1.4877920359669774	3.259	-0.24700793910418026	8.9138856301013911E-002
glass_num_7	O_187_Si_634	144.34628849160424	160.61543476302774	4	4	0	1.0419749370215778	3.484	-0.25138469128487817	9.1386154822986163E-002
glass_num_7	O_148_Si_635	135.20824885829492	149.42703542065823	4	4	0	0.5624232493039716	3.378	-0.25839810845908229	0.15485331026700461
glass_num_7	O_481_Si_639	141.18008497453243	147.54836762392532	4	4	0	1.5379407858670442	3.434	-0.23055081701786287	9.9334362312154881E-002
glass_num_7	O_403_Si_647	141.60261159084345	166.09894240397304	4	4	0	1.2470084584269605	3.045	-0.24205658457853488	9.3798173599048462E-002
glass_num_7	O_124_Si_654	147.69999012993347	153.94480119173915	4	4	0	1.3456530074991138	3.262	-0.19008770290582042	0.10150195077120482
glass_num_7	O_343_Si_662	146.13878269504073	169.20989682806444	3	3	0	0.9422393767194448	3.209	-0.24969608742295368	0.12777423880978603
glass_num_7	O_202_Si_664	154.5047703246284	159.86183582901143	3	3	0	1.5624529575376405	3.421	-0.22101439231447481	0.15701821929482127
glass_num_7	O_355_Si_671	160.7907420266049	166.22038957643468	4	4	0	1.372060378975487	3.188	-0.24500150937392687	0.12326391666086492
glass_num_7	O_337_Si_674	130.0898220048933	148.51327174749267	4	4	0	0.4116093360856561	3.186	-0.25280795744107282	8.3086549986798097E-002
glass_num_7	O_241_Si_693	169.29475784897903	160.86339265326134	4	4	0	0.9258212138805905	3.339	-0.25964752428743093	7.1095046928928221E-002
glass_num_7	O_529_Si_694	163.09116269484045	124.54994758894624	4	4	0	0.7716874415849775	3.434	-0.28037327823407177	7.1271530020850821E-002
glass_num_7	O_37_Si_696	161.54886460215178	65.74715386715788	4	4	0	0.24232685923529107	3.309	-0.30422184846280526	0.13070445451189627
glass_num_7	O_235_Si_698	156.11268563453112	69.52514679004268	3	3	0	0.5770082613790177	3.193	-0.26191383869404306	0.11220979005196001
glass_num_7	O_118_Si_705	156.11268563453112	148.43791311541315	3	3	0	0.663879988264677	3.471	-0.25417584207004423	6.8244383212361370E-002
glass_num_7	O_565_Si_706	127.7163695778976	79.6936616908952	4	4	0	0.3324821250978691	2.777	-0.22941344718032500	8.4020464160788719E-002
glass_num_9	O_262_Si_603	160.3307047506542	172.944394036133	4	4	0	1.36779295618851	3.322	-0.17493127303038403	0.23273237398908742
glass_num_9	O_205_Si_609	140.90655575243287	165.8436386865762	3	3	0	0.9754468604703392	3.074	-0.19828443542930138	0.11033958738010599
glass_num_9	O_217_Si_610	152.2010525305276	154.8825066233854	3	3	0	0.8119048371626434	3.374	-0.20238401623635038	0.15844788869204943
glass_num_9	O_187_Si_618	164.12349731053172	150.77305667622392	4	4	0	1.1663052603023591	3.318	-0.20711529862512376	8.9357917378649745E-002
glass_num_9	O_1_Si_626	157.30386467908255	170.59279313629014	3	3	0	1.8446910400794463	3.258	-0.18621302811335197	3.6100240401974931E-002
glass_num_9	O_433_Si_657	169.06442391947496	171.3353665382517	3	3	0	1.215311177524681	3.458	-0.18245552655768893	0.11368860105626369
glass_num_9	O_574_Si_660	164.34057246579545	157.031321992934	2	2	0	1.4728356360219905	3.479	-0.20430540248802934	8.8406355493545266E-002
glass_num_9	O_478_Si_664	146.1013639168336	165.36974651050647	4	4	0	1.4919587638351268	3.069	-0.14999470440949755	0.18137905744592686
glass_num_9	O_550_Si_670	158.2775523761181	172.94824804489082	3	3	0	1.5220850343499068	2.979	-0.21273519812267636	5.2523121823779606E-002
glass_num_9	O_139_Si_674	151.75664862523053	150.47562622597852	3	3	0	1.5769728083773464	3.310	-0.23728239086515587	9.7433971441865483E-002
glass_num_9	O_142_Si_675	157.73949751575765	168.44983732557273	3	3	0	1.0045757633398198	3.131	-0.18366441327909608	0.15411132148833562
glass_num_9	O_382_Si_677	143.15474304675612	164.85818483264356	2	2	0	1.2754155884426703	3.226	-0.17170059861951015	9.0425705574340112E-002
glass_num_9	O_109_Si_685	150.8157690478866	170.22781235610051	3	3	0	1.4015612846601881	3.056	-0.22725510293861043	9.1550658637077079E-002
glass_num_9	O_61_Si_696	156.77089666813418	173.5084188237181	4	4	0	0.7823880889110594	3.418	-0.18639762288574849	0.10853385405231358
glass_num_9	O_451_Si_697	157.0876585723255	169.08255720100507	3	3	0	1.5925718821374413	3.239	-0.22194051682797733	9.4773917396815024E-002
glass_num_9	O_319_Si_699	131.67442687840827	169.8544475521254	3	3	0	1.2547951097784877	3.197	-0.19675513590004723	0.11159012653519362
glass_num_9	O_352_Si_701	168.87212032332158	163.97188771950948	4	4	0	0.8873159207708456	3.262	-0.23044072177097619	6.2935925976004184E-002
glass_num_11	O_193_Si_593	154.75209478594886	168.35699025072645	2	2	0	1.1505094478014632	3.338	-0.18238656846783555	7.6189693264699224E-002
glass_num_11	O_388_Si_601	149.6310973657092	176.72874783363926	3	3	0	1.8073983724085316	3.171	-0.22017105719852026	3.8033473387566366E-002
glass_num_11	O_574_Si_602	143.4515651518118	73.19781259917718	4	4	0	0.1763578412502983	2.918	-0.29562465681077116	0.13990547574967632
glass_num_11	O_562_Si_605	160.04956275015547	175.60528919294575	3	3	0	1.4803093055482521	3.325	-0.18794929987165102	0.12043626949471328
glass_num_11	O_508_Si_616	157.11389064385392	173.85677144589164	3	3	0	1.3722801236383475	3.217	-0.24375099767738576	8.9490726834895840E-002
glass_num_11	O_382_Si_620	167.7460101281098	151.33296976189357	4	4	0	1.8674194459996756	3.259	-0.15096941190699387	7.6880814193156413E-002
glass_num_11	O_145_Si_623	136.02007127122306	152.40279572448912	3	3	0	0.91162636521209	3.158	-0.18369054584349623	0.10405834708407335
glass_num_11	O_169_Si_625	148.75754430793194	164.20404726633345	4	4	0	1.7899191358055575	3.330	-0.19089779215366640	0.10154658522632673
glass_num_11	O_100_Si_632	149.72045254059753	166.60309979901533	4	4	0	1.3912496061041462	3.027	-0.13137642089858773	0.14322294580033590
glass_num_11	O_181_Si_645	132.8396832267523	168.36860694441953	3	3	0	1.185038487799507	3.230	-0.21815309470710828	0.10610898946370152
glass_num_11	O_454_Si_670	122.04566281705874	165.26573408703052	4	4	0	0.44309698427701366	2.709	-0.20281534690936268	0.17154649894628668
glass_num_11	O_571_Si_677	162.23385600312068	161.85113018654528	4	4	0	1.4420821791697833	3.208	-0.23742925524997371	0.11436087215559802
glass_num_11	O_259_Si_695	157.1802467128681	173.68815449375418	3	3	0	0.9483660227135208	3.297	-0.23413955591352728	4.1159135910402003E-002
glass_num_11	O_436_Si_712	160.78130427938657	160.677420221707	4	4	0	1.1146026335752115	3.279	-0.23384444257797918	1.8840581769923911E-002
glass_num_14	O_385_Si_577	156.39898439542225	171.79313062562585	3	3	0	1.4238896718472496	2.980	-0.20066077910365085	8.1782905440520692E-002
glass_num_14	O_196_Si_601	153.80369010523498	169.31012918584887	3	3	0	1.265956328281539	2.937	-0.22762785597238946	8.8117918441989809E-002
glass_num_14	O_256_Si_605	143.63592294800475	170.8013595975619	3	3	0	1.5152046121192893	3.351	-0.22824033390580103	8.3426197386574738E-002
glass_num_14	O_157_Si_607	146.0850053281762	170.71933903167667	2	2	0	1.108891820538685	3.125	-0.20578542635333222	6.2173471067567355E-002
glass_num_14	O_496_Si_609	133.60081060534625	160.01272320913077	4	4	0	1.7297960309714093	3.332	-0.17360173404329196	7.5784048503237070E-002
glass_num_14	O_376_Si_615	162.27240634590353	157.6379362744155	4	4	0	1.0050590379188207	3.326	-0.19432820004005616	9.9496283754463122E-002
glass_num_14	O_403_Si_628	145.2230464169863	164.3340257871902	4	4	0	1.6522991424614606	3.169	-0.18714671505362923	0.11403021779693485
glass_num_14	O_556_Si_629	148.53342561251637	173.11529402044084	4	4	0	1.1475655870331039	2.880	-0.25363157974398454	9.8827993826686333E-002
glass_num_14	O_508_Si_634	129.32516000995142	168.0477733447207	3	3	0	1.0776895768557944	3.108	-0.25493535257759264	7.6001906535527200E-002
glass_num_14	O_205_Si_635	168.0059534880669	167.62021795880725	4	4	0	1.4787264221927132	3.096	-0.22769339649122045	0.12181702209201724
glass_num_14	O_208_Si_636	137.28679724235224	168.230024503345	3	3	0	1.3135763296621104	3.137	-0.17488653749044611	0.13339834426386621
glass_num_14	O_262_Si_653	136.11704324079437	166.5017914591999	4	4	0	1.3711912153484946	3.098	-0.20544181398187547	0.11997489105250563
glass_num_14	O_121_Si_655	141.41509915783502	174.99874888821526	3	3	0	0.9648214172362639	2.916	-0.24595408886687853	3.9360383200981765E-002
glass_num_14	O_529_Si_665	160.72839742390408	169.06416100409828	2	2	0	1.4216392504676882	3.250	-0.17259811199917854	4.8599049857707376E-002
glass_num_14	O_268_Si_666	157.07142447266074	175.74959879422877	2	2	0	1.4589964307288192	3.342	-0.17286754929179030	5.8159605583264766E-002
glass_num_14	O_574_Si_686	125.18169441933968	162.0679813513665	3	3	0	0.9714926476741097	3.315	-0.18272159359676179	0.17195864515405637
glass_num_15	O_529_Si_575	133.0186625568443	156.97577628805152	4	4	0	0.6962566775831447	3.153	-0.24133148586344769	0.12089295983729964
glass_num_15	O_298_Si_585	153.93975936116453	165.72244894478268	4	4	0	0.6062578408143585	3.079	-0.21995127985873394	0.13904988512497218
glass_num_15	O_28_Si_611	122.97029321667989	169.34013996280834	3	3	0	0.4071818544767203	3.442	-0.18883634447624961	9.9209845878971040E-002
glass_num_15	O_76_Si_617	123.92419184519608	145.72996048414433	4	4	0	1.3404485603182261	3.375	-0.23290241585095028	0.11715464792137098
glass_num_15	O_376_Si_625	163.31971526066135	159.96042546121618	4	4	0	2.117929429921715	3.324	-0.19146483991044569	5.3792929940754942E-002
glass_num_15	O_466_Si_626	161.20761959571908	165.69109945964237	2	2	0	1.1014580623779402	3.262	-0.18323935198350672	6.0416115239019262E-002
glass_num_15	O_133_Si_628	144.2013283039689	167.55637313477038	4	4	0	0.7880502283050355	3.091	-0.18632547646546871	0.20822190871694338
glass_num_15	O_532_Si_633	170.88368223467538	174.48001953011266	3	3	0	1.5683525176839483	3.348	-0.23491095146963295	6.4451659185539453E-002
glass_num_15	O_247_Si_663	156.80961813543055	171.67815444767592	3	3	0	0.4346275427230832	3.281	-0.25209472067705080	8.1968485011153863E-002
glass_num_15	O_493_Si_665	149.27404493069906	171.09529024090804	3	3	0	1.4233184646830024	3.226	-0.19646053659320861	6.1788844956317417E-002
glass_num_15	O_355_Si_678	123.65138175608529	171.12925494768552	3	3	0	1.0336107917119464	3.016	-0.21408496513255590	0.19135275495934523
glass_num_15	O_511_Si_680	158.49087200366085	174.42248700466854	4	4	0	1.6338796665983943	3.213	-0.18070534353137827	7.9879773327644940E-002
glass_num_15	O_202_Si_697	152.84699186885976	172.99753635981946	3	3	0	1.0701001336628069	3.135	-0.26367365177510699	0.17438082801683910
glass_num_15	O_550_Si_699	159.1087602657592	173.89538925246282	3	3	0	1.1576502838294083	3.295	-0.21980085565768034	5.3196709869595876E-002
glass_num_15	O_79_Si_700	158.76125660953824	170.88798682333	4	4	0	1.745859506068082	3.380	-0.24903378063122431	0.17521631786817166
glass_num_16	O_232_Si_575	175.37739655120507	165.3145290472492	3	3	0	1.2181453321503497	3.142	-0.20554835762148069	7.6751380287147383E-002
glass_num_16	O_334_Si_583	155.9763828694828	169.88753743238004	3	3	0	1.1676936616970093	3.126	-0.24347568694133706	0.10228671080340676
glass_num_16	O_400_Si_585	147.90481516010078	150.4164038534548	4	4	0	0.8426531205342619	3.369	-0.26979882489824258	5.5576713637128856E-002
glass_num_16	O_202_Si_587	160.80818281553792	59.10946938917042	3	3	0	1.050354080261474	3.311	-0.31051697220211633	9.7139859517132734E-002
glass_num_16	O_34_Si_602	164.8057041298826	160.69612742072474	4	4	0	1.4181128817202726	3.003	-0.18447621788174892	0.10755232602386516
glass_num_16	O_166_Si_614	150.58510880640546	163.26521900110853	4	4	0	1.0485683940929857	2.785	-0.23854271930237481	0.11607552094459911
glass_num_16	O_193_Si_618	135.8026079653694	158.88759373720129	4	4	0	0.920793678471099	3.416	-0.22139496027652195	0.14678567333839093
glass_num_16	O_40_Si_621	148.6277199889871	163.60693772221111	4	4	0	1.536041400024874	3.321	-0.19972849093622980	0.12406067199374494
glass_num_16	O_106_Si_635	133.33320899051898	166.71691073987168	3	3	0	1.286305640454028	3.343	-0.22181328225908573	8.9236185910990293E-002
glass_num_16	O_85_Si_643	163.2009363874122	166.4525694721327	2	2	0	1.5217006415308196	3.381	-0.24908972947345984	8.9584719550527520E-002
glass_num_16	O_169_Si_655	137.9901105660003	168.90987834281825	3	3	0	1.4855734212547465	3.131	-0.26084025628507207	9.3516816088864918E-002
glass_num_16	O_517_Si_662	166.42491276297366	160.9197910840476	3	3	0	1.0702944438671957	3.298	-0.25147445094552012	0.11772042149976142
glass_num_16	O_115_Si_666	143.13128579048552	141.57919830969973	4	4	0	0.3204426860495877	3.350	-0.26545316927262613	0.10387701526189856
glass_num_16	O_13_Si_669	138.60237558182786	161.15026345146222	4	4	0	1.173538772569449	3.450	-0.23179108705017462	0.13965394400344394
glass_num_16	O_403_Si_672	149.2098522685248	168.93034053891233	4	4	0	1.6669108150960126	3.006	-0.18031413506786287	8.5118364115423409E-002
glass_num_16	O_217_Si_687	150.016083792884	159.72547336185252	2	2	0	0.8155043950912897	3.293	-0.22065949173257485	0.11763684798759605
glass_num_17	O_193_Si_593	154.75209478594886	168.35699025072645	2	2	0	1.1505094478014632	3.338	-0.18238656846783555	7.6189693264699224E-002
glass_num_17	O_388_Si_601	149.6310973657092	176.72874783363926	3	3	0	1.8073983724085316	3.171	-0.22017105719852026	3.8033473387566366E-002
glass_num_17	O_574_Si_602	143.4515651518118	73.19781259917718	4	4	0	0.1763578412502983	2.918	-0.29562465681077116	0.13990547574967632
glass_num_17	O_562_Si_605	160.04956275015547	175.60528919294575	3	3	0	1.4803093055482521	3.325	-0.18794929987165102	0.12043626949471328
glass_num_17	O_508_Si_616	157.11389064385392	173.85677144589164	3	3	0	1.3722801236383475	3.217	-0.24375099767738576	8.9490726834895840E-002
glass_num_17	O_382_Si_620	167.7460101281098	151.33296976189357	4	4	0	1.8674194459996756	3.259	-0.15096941190699387	7.6880814193156413E-002
glass_num_17	O_145_Si_623	136.02007127122306	152.40279572448912	3	3	0	0.91162636521209	3.158	-0.18369054584349623	0.10405834708407335
glass_num_17	O_169_Si_625	148.75754430793194	164.20404726633345	4	4	0	1.7899191358055575	3.330	-0.19089779215366640	0.10154658522632673
glass_num_17	O_100_Si_632	149.72045254059753	166.60309979901533	4	4	0	1.3912496061041462	3.027	-0.13137642089858773	0.14322294580033590
glass_num_17	O_181_Si_645	132.8396832267523	168.36860694441953	3	3	0	1.185038487799507	3.230	-0.21815309470710828	0.10610898946370152
glass_num_17	O_454_Si_670	122.04566281705874	165.26573408703052	4	4	0	0.44309698427701366	2.709	-0.20281534690936268	0.17154649894628668
glass_num_17	O_571_Si_677	162.23385600312068	161.85113018654528	4	4	0	1.4420821791697833	3.208	-0.23742925524997371	0.11436087215559802
glass_num_17	O_259_Si_695	157.1802467128681	173.68815449375418	3	3	0	0.9483660227135208	3.297	-0.23413955591352728	4.1159135910402003E-002
glass_num_17	O_436_Si_712	160.78130427938657	160.677420221707	4	4	0	1.1146026335752115	3.279	-0.23384444257797918	1.8840581769923911E-002
glass_num_18	O_199_Si_583	143.1702927017948	165.29112701073132	4	4	0	1.1421178754419796	3.149	-0.22937970069737079	0.14214453030581520
glass_num_18	O_373_Si_590	144.27895962919888	155.00722765864901	4	4	0	1.1849265827909772	3.333	-0.19237681265244841	6.8298352531924594E-002
glass_num_18	O_475_Si_596	158.72179628154103	164.49269380390655	4	4	0	1.0507448086519044	3.418	-0.21313629594572489	8.7422136316414309E-002
glass_num_18	O_91_Si_597	156.3250946574049	174.10630589865704	4	4	0	1.187491606172698	3.122	-0.17164611528669541	0.14412018278696609
glass_num_18	O_397_Si_601	148.18236842219844	166.331324074364	3	3	0	1.194966015408005	3.125	-0.22248686264046144	0.12013500043147851
glass_num_18	O_43_Si_603	132.95371720763953	142.9642193100995	4	4	0	0.5320974106843382	3.094	-0.26091564759729352	0.12944437130726941
glass_num_18	O_421_Si_623	154.90865040308975	171.26548870771344	3	3	0	1.137613629860647	3.069	-0.23481337952560755	7.8776327492712822E-002
glass_num_18	O_76_Si_626	136.38825414292026	157.47558408288086	3	3	0	1.0545119644841436	3.345	-0.21962933451107403	6.5429095757030084E-002
glass_num_18	O_85_Si_627	160.12896459763328	173.92157156562226	4	4	0	1.4015482604075284	3.241	-0.23290531696987274	0.11208446036703126
glass_num_18	O_526_Si_634	146.40678821418143	153.10282944766976	3	3	0	2.083354326414271	3.429	-0.19594850005351652	8.5700919718521368E-002
glass_num_18	O_454_Si_644	141.37751440361933	166.34341929676225	3	3	0	1.3105517815608303	3.381	-0.22921969709797510	0.10128541586393980
glass_num_18	O_37_Si_648	144.21621316826744	139.04234486324225	4	4	0	0.8965351780445046	3.471	-0.29489131026985582	6.4468764676444468E-002
glass_num_18	O_247_Si_651	147.3625065333809	161.53402875144081	3	3	0	1.1216447390102784	3.441	-0.24779135458044299	0.11021262434526496
glass_num_18	O_508_Si_653	146.5539347112443	167.51847137647232	4	4	0	0.7635386056655591	2.968	-0.21500276333942350	0.18591268578573289
glass_num_18	O_70_Si_654	162.48374432441	169.16651117684532	4	4	0	1.4287848313327924	3.390	-0.19243084529382135	0.13419828317893331
glass_num_18	O_121_Si_656	150.33795196907758	157.59059298880084	3	3	0	0.8127425345358392	3.404	-0.20945247529347866	0.11764510184943890
glass_num_18	O_313_Si_664	165.89987128048094	162.54164450872506	4	4	0	0.8448752373775948	3.399	-0.13120404725649343	0.13513272783352659
glass_num_18	O_187_Si_666	151.47161625633507	175.00808614452396	4	4	0	1.1190416307980262	2.965	-0.24556101692260932	9.4879751743509072E-002
glass_num_18	O_31_Si_673	160.39286013142583	174.24683875746516	4	4	0	1.8259437500854103	3.187	-0.19320710694849730	5.6254055671703815E-002
glass_num_18	O_202_Si_682	145.18918998861432	173.12631593996392	3	3	0	1.2044603286945652	3.052	-0.20772203212241921	0.13553688818013307
glass_num_18	O_493_Si_687	125.03015863121453	144.11115171794367	3	3	0	0.8270767060491852	3.499	-0.17726458290350830	0.20440810560273140
glass_num_18	O_532_Si_698	138.5834752484215	164.49858561029183	3	3	0	0.976199428877011	3.415	-0.21850321669167069	0.11422980843664905
glass_num_18	O_406_Si_700	145.51394670098296	166.87547433432653	4	4	0	0.9908831999694933	3.098	-0.26189512535262721	0.15927287269238663
glass_num_19	O_466_Si_582	156.151498936653	151.65732738014714	3	3	0	1.151111804500285	3.217	-0.21777360581870020	6.5053384198459907E-002
glass_num_19	O_502_Si_587	149.6573477198117	163.37827558419997	3	3	0	1.3533145115537693	3.369	-0.22332593811694687	6.8299811738077115E-002
glass_num_19	O_184_Si_588	167.4483380458248	137.0194373697658	4	4	0	1.3160237395820684	3.195	-0.24377505927975762	6.3410719457297940E-002
glass_num_19	O_409_Si_595	135.65118249849795	174.0337281972115	4	4	0	1.2823355047643834	3.242	-0.25040729284781044	9.8843127123599009E-002
glass_num_19	O_274_Si_608	168.73434659102764	159.90553960638786	3	3	0	1.3677217966324309	3.125	-0.28783519200410668	3.2989900505660537E-002
glass_num_19	O_523_Si_610	144.65897265130704	119.39088746977158	4	4	0	1.4384640152383235	3.419	-0.22986843075148192	9.6050195259487603E-002
glass_num_19	O_4_Si_628	140.55163699194253	165.28347223533615	3	3	0	1.197681471854214	3.290	-0.23522032115033820	3.9786538409569513E-002
glass_num_19	O_118_Si_632	133.25632380423752	159.83722954404547	3	3	0	1.5001571637555335	3.172	-0.21456663507323770	0.10327876345225390
glass_num_19	O_205_Si_637	152.2336332232177	168.92867519757885	2	2	0	1.3433535341399976	3.297	-0.22835789132106568	6.9562859142759975E-002
glass_num_19	O_460_Si_641	132.28909997910242	168.22828453605382	3	3	0	1.0843736338149526	3.015	-0.22135507936630425	0.13514237805927401
glass_num_19	O_112_Si_655	176.67991136927387	169.89221939459713	3	3	0	1.3826349350693323	3.142	-0.24368187485806761	9.9700365701757443E-002
glass_num_19	O_463_Si_657	166.65002748544123	162.52085507372968	3	3	0	1.0249462609195608	3.238	-0.22990159244919828	0.10220799155009276
glass_num_19	O_262_Si_658	158.5930478127274	170.4881163853449	4	4	0	1.1230930242989356	3.043	-0.23789852423700319	7.4499136900642346E-002
glass_num_19	O_277_Si_661	145.19519570867746	163.92437832197447	4	4	0	1.5222481715157168	3.126	-0.25494319486994604	0.13522352770327631
glass_num_19	O_7_Si_662	151.18232934127303	171.76532853492947	4	4	0	0.9744799005494731	2.897	-0.21656698021966581	9.0398022409789086E-002
glass_num_19	O_493_Si_668	158.84184585585854	163.05232355773828	4	4	0	1.252879497596727	3.092	-0.18920821596172996	0.17073574377235656
glass_num_19	O_223_Si_683	174.2771816196664	159.84941140349662	4	4	0	0.5927604255395647	3.110	-0.24702172656041244	7.4018740859425891E-002
glass_num_19	O_364_Si_690	147.63431478642713	163.15577341464703	3	3	0	1.1990293910945862	3.419	-0.17737094748401905	0.12547458257519475
glass_num_19	O_325_Si_696	165.97197105117013	173.50506914541236	4	4	0	1.2923807950770254	3.108	-0.21860114723239146	7.2183752943068127E-002
glass_num_21	O_274_Si_599	167.44817035867823	149.74496444365212	3	3	0	1.5313198221537796	3.475	-0.20845333893041640	6.9557401177756967E-002
glass_num_21	O_100_Si_600	149.65508048319398	165.46042898388188	4	4	0	1.6355035994429301	3.383	-0.26271655757789381	7.0175534106256099E-002
glass_num_21	O_145_Si_607	162.32104304653726	177.9415026980033	4	4	0	0.8238622546571261	2.974	-0.30243195488086144	9.8470848647004824E-002
glass_num_21	O_463_Si_610	157.30537949031805	156.99747315285	3	3	0	1.0689957777956693	3.388	-0.23198379998620147	6.3156757578777867E-002
glass_num_21	O_76_Si_617	163.26248866443814	161.19016911951954	4	4	0	1.7379005111734633	3.383	-0.25365880248483136	0.13462277841662812
glass_num_21	O_196_Si_624	137.81589740089393	176.8448435021042	3	3	0	2.0225568434869383	3.140	-0.16731812367553012	0.11885177627330921
glass_num_21	O_94_Si_628	159.73634898032603	168.04092956379966	3	3	0	1.1559293722865653	3.268	-0.29474982331827304	0.11627219263462786
glass_num_21	O_19_Si_630	171.89015745214135	168.29862308399566	4	4	0	1.315920470277189	2.789	-0.19614063602213905	5.3840022729229414E-002
glass_num_21	O_421_Si_637	140.49383634704498	159.93546845499426	4	4	0	0.32333568651015554	3.195	-0.21586252154440669	7.6293739919780654E-002
glass_num_21	O_193_Si_647	154.892544238449	164.87293773592796	4	4	0	1.4171323500377735	3.005	-0.24497864750615519	9.5087676091775944E-002
glass_num_21	O_133_Si_653	163.27392720171792	169.05615509431678	3	3	0	0.914434267947116	3.225	-0.28193852636662614	7.2830259027040226E-002
glass_num_21	O_241_Si_671	140.33962190214987	176.22672544822075	4	4	0	1.1479435718461566	2.876	-0.20119050121110107	0.11518715390480377
glass_num_21	O_271_Si_676	155.35429905577237	165.2812961456462	4	4	0	0.5650045980372741	3.082	-0.27487459188998081	7.0244020031480919E-002
glass_num_21	O_292_Si_677	149.61236213980817	158.76257580124914	3	3	0	1.677542902129992	3.417	-0.21813915790583036	9.6301325879345021E-002
glass_num_21	O_106_Si_678	163.31854875423662	149.88464586461654	3	3	0	1.2083808624210803	3.255	-0.28631323752336169	7.3705072333687782E-002
glass_num_21	O_61_Si_683	134.94891511198543	59.75815008283715	4	4	0	0.03064103649592724	3.367	-0.26017393651332521	9.3329032400511186E-002
glass_num_21	O_436_Si_686	139.50389849259267	150.5065990711866	4	4	0	0.9533002116830265	3.342	-0.26991086685139881	0.12266159710344278
glass_num_21	O_430_Si_693	142.41453209486056	164.7146105951495	3	3	0	1.080000817484701	3.429	-0.21063571918242366	7.5410214276734736E-002
glass_num_21	O_532_Si_705	165.63056932671884	165.8791645221769	4	4	0	1.7622839446755845	3.281	-0.13387576859280240	0.13516936866566989
glass_num_21	O_427_Si_707	140.4241638897086	175.1601431098988	4	4	0	1.2137830050476517	3.308	-0.20871761381763743	0.10176513294606164
glass_num_21	O_124_Si_713	142.8000458023522	177.13529067675395	4	4	0	1.6322282222004227	3.217	-0.22857018960969330	0.10758017825515905
glass_num_23	O_280_Si_591	145.51624274653005	158.13069351286512	4	4	0	0.794657026056164	3.284	-0.18521878591738961	0.10288566659035303
glass_num_23	O_289_Si_595	167.35504651516064	152.35877633180917	4	4	0	1.2482735639429678	3.373	-0.22340787904367251	9.1967396160411205E-002
glass_num_23	O_73_Si_596	160.30361001932	168.35168629516906	3	3	0	1.2346471346965209	3.486	-0.23597951697499364	8.3671442315774239E-002
glass_num_23	O_13_Si_603	153.42499329582046	171.91454962986435	3	3	0	1.2046686222301912	3.133	-0.16275668592774992	0.12043392454944674
glass_num_23	O_7_Si_609	168.29689151896017	169.4188126404631	4	4	0	1.7699540930894013	2.988	-0.21488772813808243	7.9759624490097589E-002
glass_num_23	O_451_Si_614	141.73757086405962	174.7069326115554	3	3	0	1.628150457702769	3.238	-0.20596051639809398	8.0592051538568299E-002
glass_num_23	O_526_Si_619	148.55498213198666	166.91217956115096	3	3	0	1.4049265793124164	3.081	-0.24579006832240932	6.0624001018889213E-002
glass_num_23	O_559_Si_621	168.49561026770394	165.27617159165507	2	2	0	1.526689632853747	3.434	-0.21275246870541040	7.1163697305076101E-002
glass_num_23	O_364_Si_635	147.0060930370074	133.8552990167743	4	4	0	0.44196643878388864	3.343	-0.18411045794234590	0.11188770109561332
glass_num_23	O_16_Si_644	165.20499910906227	172.7305158053089	3	3	0	1.383575245551107	3.159	-0.23278464408105429	7.3430921746345662E-002
glass_num_23	O_352_Si_654	150.1473038041272	172.04825155034965	4	4	0	1.1870614148222065	3.078	-0.13657579391015162	5.1784058347911006E-002
glass_num_23	O_508_Si_657	154.85167949378115	165.6350494427509	4	4	0	1.2822594345648306	3.240	-0.18764993061842020	0.15697887937882266
glass_num_23	O_166_Si_684	162.72979304887014	154.55272333331547	4	4	0	1.1101804040514573	3.462	-0.21660323468978782	0.10467294334480352
glass_num_23	O_382_Si_693	163.65036660785367	174.9911031221061	3	3	0	1.1901385405756588	3.095	-0.21563261839124281	8.8947949902504764E-002
glass_num_23	O_493_Si_696	134.6454118939726	157.8544480060913	4	4	0	0.7596879835809451	3.267	-0.26041754148878887	0.16819524940545241
glass_num_23	O_223_Si_700	156.62176490666786	174.58287669694113	4	4	0	1.2193027255536097	3.278	-0.17528081665827377	0.12422385361591172
glass_num_23	O_460_Si_707	156.40198203640514	159.87495075259898	4	4	0	0.9653186127938185	3.267	-0.12673879171836697	0.15537086934846478
glass_num_23	O_304_Si_713	156.79706509170154	168.1394925886345	4	4	0	1.0885496600398585	3.425	-0.27623374917403182	8.1853620660543719E-002
glass_num_24	O_415_Si_586	174.2357833558043	171.10158282190423	3	3	0	0.845008669338898	3.493	-0.27779333897545055	0.13385113978202465
glass_num_24	O_454_Si_597	164.1976926762845	135.30060834603697	4	4	0	1.8616690363002695	3.285	-0.21690909570808245	7.3165801173015535E-002
glass_num_24	O_460_Si_598	137.62346645403616	175.88023685921368	3	3	0	1.291217075116155	3.175	-0.20656901122278049	7.3008869214113190E-002
glass_num_24	O_358_Si_599	142.02603372398895	160.67127409911942	4	4	0	1.2886673315399426	3.366	-0.24330737984431403	7.7913451707850606E-002
glass_num_24	O_442_Si_603	148.51103461857502	159.34199144115132	3	3	0	0.9034326909291931	3.381	-0.24535931704168845	8.5407688064511308E-002
glass_num_24	O_130_Si_611	169.94944896434004	160.58831081415323	4	4	0	0.7288586410973787	3.174	-0.31276463846231828	8.0987728622540139E-002
glass_num_24	O_448_Si_620	134.15908085980513	148.15254791268228	3	3	0	0.7954040198531134	3.249	-0.15916981545260458	0.17359647122235844
glass_num_24	O_343_Si_628	159.56303514849387	172.16458192070883	4	4	0	1.486514565865087	2.937	-0.18514365397485624	7.4693587180864524E-002
glass_num_24	O_385_Si_632	137.88032325354578	169.28613767744912	3	3	0	0.9602466941831063	3.164	-0.16645863503065583	0.14788191520413113
glass_num_24	O_421_Si_635	163.9364078604988	163.97662856991784	4	4	0	1.6460183215387034	3.496	-0.23255951696556568	5.5534922495396072E-002
glass_num_24	O_37_Si_639	136.7084856441395	164.8544606171087	4	4	0	0.5749038454950907	3.411	-0.27866694060662034	0.10174398466232949
glass_num_24	O_424_Si_647	164.95952280585243	168.09172455321655	4	4	0	1.917544771008322	3.147	-0.25615284326112869	4.9429155391253907E-002
glass_num_24	O_514_Si_648	153.52347283845995	165.7927562634802	4	4	0	1.1369862092199783	3.073	-0.29381060281820909	8.7120875639614417E-002
glass_num_24	O_571_Si_665	152.639898841701	174.62725741892547	4	4	0	0.5235109523099881	2.987	-0.26354187869921281	6.5404144082917309E-002
glass_num_24	O_232_Si_667	161.23979186446073	145.2007133390426	4	4	0	1.4177980808214512	3.314	-0.25154823332967241	9.6584686192977248E-002
glass_num_24	O_19_Si_671	147.77180059618414	162.38416198014943	4	4	0	1.0654846687506985	3.402	-0.23277516746307170	9.8528227764492091E-002
glass_num_24	O_76_Si_691	162.0384761266367	162.82346094601098	3	3	0	1.5664484149209639	3.323	-0.30339489472136871	7.6702041160620030E-002
glass_num_24	O_502_Si_694	179.16959545159125	163.59682105619615	4	4	0	1.2680780549194806	3.211	-0.28087565301626061	6.6233798480908185E-002
glass_num_24	O_136_Si_695	152.6360847604859	177.21731231848258	2	2	0	1.23736061810411	3.309	-0.22692600265465104	3.5583602845617852E-002
glass_num_24	O_100_Si_696	152.15883915813453	166.3000828215725	4	4	0	0.722822808945833	2.944	-0.28424773037703099	8.6668318069460126E-002
glass_num_24	O_85_Si_698	136.80646938962192	161.68457622972034	3	3	0	1.276834685297139	3.419	-0.17448774016282612	0.17258034768766364
glass_num_24	O_169_Si_701	160.1607023504579	173.82671607256682	3	3	0	1.5808326588854724	3.094	-0.19866333969265804	4.5692149526969816E-002
glass_num_24	O_439_Si_705	150.15849123944173	156.6533448916455	4	4	0	0.8663546121426169	3.209	-0.22491634962897181	0.13994754443801827
glass_num_24	O_64_Si_709	164.12135674344856	179.05940164607946	3	3	0	1.1421471104361716	3.079	-0.23193842323415539	6.0914476474359512E-002
glass_num_25	O_520_Si_603	139.0311753720713	172.01671418962144	4	4	0	0.7755407253458548	3.441	-0.18596540127547978	0.13734207743552707
glass_num_25	O_112_Si_610	129.73259734504109	146.90271255885122	3	3	0	1.1660923388940365	3.429	-0.20943427755104793	7.4412942976593677E-002
glass_num_25	O_301_Si_611	169.53650771931385	168.84833537257796	4	4	0	0.4049285792733491	3.153	-0.21675825392891870	6.5710544648065583E-002
glass_num_25	O_397_Si_633	123.57858812075153	141.2970691146662	4	4	0	0.48267153210192276	3.397	-0.20395917108090597	0.10755411540754883
glass_num_25	O_130_Si_636	178.2371307638141	159.18652592545308	4	4	0	1.2028104189468591	3.397	-0.28359344494889688	3.7935328671440234E-002
glass_num_25	O_487_Si_639	173.55063651090322	156.15504301197032	3	3	0	0.6955387406415267	3.380	-0.19914459487281708	5.6312397286151908E-002
glass_num_25	O_214_Si_655	138.0367259896311	158.68675506949845	4	4	0	1.174336632300833	3.445	-0.15515785095017273	0.19947576810770645
glass_num_25	O_304_Si_659	141.00546394079376	162.77005746708488	4	4	0	1.6206119692781447	3.443	-0.16445617466923149	0.11537840675173594
glass_num_25	O_277_Si_679	159.01143920380753	154.31042972393305	4	4	0	1.209920442311561	3.300	-0.23729386383807005	9.5107656665331497E-002
glass_num_25	O_505_Si_680	146.75407424725663	174.60405950935203	3	3	0	1.3126523725130141	3.027	-0.17854116279819818	0.10080269630091929
glass_num_25	O_94_Si_681	136.94730021430323	172.88592968876353	3	3	0	1.583983901962607	3.306	-0.16530241989338323	6.9898276034029455E-002
glass_num_25	O_145_Si_684	150.09886409171963	165.7650341884587	3	3	0	1.0542826931530525	3.333	-0.26635611621912914	0.12723712223837136
glass_num_25	O_64_Si_686	170.81368182143268	158.52049098729532	4	4	0	1.5014977868693418	3.052	-0.23924160816257137	7.1242196076622313E-002
glass_num_25	O_511_Si_688	140.16398505621797	170.1079257857258	4	4	0	1.6509650348106246	3.025	-0.17143211912083745	0.13933475743506574
glass_num_25	O_334_Si_702	151.50666932371306	163.86583693394348	4	4	0	1.4558237277733301	3.314	-0.23403419084383068	8.8969170506346132E-002
glass_num_25	O_385_Si_703	161.366525126227	165.88652153376592	3	3	0	1.503001484058578	3.306	-0.21260490424205150	7.7338980837834886E-002
glass_num_25	O_142_Si_705	133.7906740191159	156.1135078426225	3	3	0	1.3074068509601167	3.325	-0.19968956319646200	2.7769000276007174E-002
glass_num_25	O_175_Si_718	130.09081134377726	176.03587537863055	4	4	0	0.4719850048044252	3.203	-0.23834303821942704	0.15502695017749607
glass_num_25	O_100_Si_720	150.09886409171963	166.85712210911032	3	3	0	1.0976122463467541	3.285	-0.19349167828071634	0.18043976211556501
glass_num_25	O_469_Si_722	129.93480149043964	174.4189915037715	4	4	0	1.0980150850764554	2.941	-0.22544078130610837	0.14376800172898302
glass_num_25	O_46_Si_723	133.42782067652996	155.6780318501855	4	4	0	1.4639059088556057	3.296	-0.19844007044680634	0.11754866205079910
glass_num_27	O_52_Si_602	171.63414953977258	164.96948466827462	4	4	0	1.2648219851037643	3.419	-0.20786995421966589	0.15834692927130045
glass_num_27	O_523_Si_605	146.09564797304515	153.93463847644148	4	4	0	0.1829859784045826	3.005	-0.20870060526978571	7.1077430925985355E-002
glass_num_27	O_370_Si_609	155.4433340637223	169.7202921818224	4	4	0	1.6456111309024912	3.231	-0.19809242495041893	0.10967421973768875
glass_num_27	O_427_Si_618	126.48055618750384	134.24088524800902	4	4	0	0.11619095712789451	3.494	-0.14557260739421587	0.20367641087523272
glass_num_27	O_139_Si_622	148.0275650341816	167.96366631617727	4	4	0	1.0257875776654912	2.946	-0.22360533733617108	8.6601836590126866E-002
glass_num_27	O_85_Si_637	128.35466521232266	168.41558451301694	4	4	0	1.3816214906822264	3.089	-0.17478417240183974	0.19405275750693624
glass_num_27	O_436_Si_642	149.82737708699867	163.38254258213203	3	3	0	1.1512776111037546	3.203	-0.22334959210193453	0.17126139478282409
glass_num_27	O_514_Si_646	151.68419484845424	169.53724739055812	4	4	0	1.1760220259210838	2.892	-0.20009821395670283	0.12851614388471053
glass_num_27	O_37_Si_649	145.4122137263253	168.23199392444565	4	4	0	1.4028652177460084	3.258	-0.25407110348730383	0.11156530873855446
glass_num_27	O_382_Si_665	149.42477886422668	164.4349588581114	3	3	0	1.2041315755427844	3.372	-0.24241717032006824	8.3824317588516578E-002
glass_num_27	O_247_Si_670	156.7874918896467	172.7933208269764	4	4	0	1.120451182273562	3.054	-0.23744768693568588	0.10172707109667116
glass_num_27	O_481_Si_673	139.71903419223455	54.10107803739267	4	4	0	0.10366289073721474	3.334	-0.26942115026752550	6.9138691810344405E-002
glass_num_27	O_388_Si_685	145.45672791914882	161.29058888275821	4	4	0	1.1225451527226094	3.195	-0.21789473164040121	0.11495002241250815
glass_num_27	O_535_Si_686	149.7675477230659	173.5308940990285	4	4	0	0.7009339879006278	3.009	-0.24777992853770917	6.7659248712921477E-002
glass_num_27	O_262_Si_697	135.26118092636574	147.9736426977519	4	4	0	0.41839520614251224	3.386	-0.21004181954849491	0.11676053285899707
glass_num_27	O_205_Si_704	150.6673037153747	168.42972262713445	4	4	0	1.200913388501461	3.160	-0.16272615847102059	0.14562658983512086
glass_num_27	O_520_Si_709	167.52182191641117	168.15577966999157	3	3	0	1.1991279318577117	3.222	-0.21678703062929994	0.12419100756919658
glass_num_27	O_295_Si_711	146.2267172797016	163.81512213630154	4	4	0	0.980092143777293	3.174	-0.23880437690893283	7.8366124714305541E-002
glass_num_27	O_550_Si_713	161.06192511651315	163.19317879201316	4	4	0	0.8357793605142242	3.073	-0.29742302982075580	8.5444248068734310E-002
glass_num_27	O_175_Si_715	155.03703801890882	172.57018693377307	4	4	0	0.5486398109581273	3.154	-0.32237683420480429	0.11354277436723095
glass_num_29	O_94_Si_610	128.0842863260387	154.5875483015024	3	3	0	0.18312431713383553	3.305	-0.18982893348298691	0.15733464808971798
glass_num_29	O_187_Si_616	160.57589871878514	173.10886977190725	2	2	0	1.2875658895043722	3.243	-0.20492861734716813	7.7259919564491450E-002
glass_num_29	O_244_Si_620	142.05900764993325	162.3310324016084	4	4	0	1.7744340158665577	3.403	-0.15649247083726184	5.4182520628455480E-002
glass_num_29	O_130_Si_626	152.94890098693404	161.46243698972125	3	3	0	0.7455280808725597	3.449	-0.24671048865700193	0.11406339243126340
glass_num_29	O_385_Si_635	136.08517341820686	151.7998716866332	4	4	0	0.9560649876566233	3.312	-0.18374532138447131	0.11481223540157726
glass_num_29	O_259_Si_645	145.98620151680308	163.48234875586598	4	4	0	1.5628467980379481	3.209	-0.27876422370745119	7.9185855938749147E-002
glass_num_29	O_406_Si_654	154.99930141778253	170.31308958364158	4	4	0	1.2710177125383115	2.992	-0.26974467258651519	6.0354053816707817E-002
glass_num_29	O_538_Si_657	141.96825900471006	168.82160911838437	4	4	0	1.2833378627052665	3.303	-0.26208669555238423	0.10957921391946852
glass_num_29	O_19_Si_659	148.50131419666934	161.06358861735114	4	4	0	1.3147975912120717	3.404	-0.22455742123256894	8.8819064466825637E-002
glass_num_29	O_331_Si_660	146.44096353238956	161.98024704065142	3	3	0	0.9376686153679427	3.052	-0.19313259136737446	0.10076226352636126
glass_num_29	O_4_Si_661	143.56794264396524	154.95125719877757	4	4	0	1.269894843591606	3.255	-0.13703703091123687	0.11791836110135261
glass_num_29	O_346_Si_671	160.42912560885148	173.7542039597542	3	3	0	1.3378812487841785	3.108	-0.26965159409083944	8.1576653408370392E-002
glass_num_29	O_1_Si_672	143.80426057791027	172.57902337293993	4	4	0	1.2418423031449966	3.200	-0.24231947026229469	0.16207609348473681
glass_num_29	O_286_Si_673	153.8408795556248	155.62271129819825	4	4	0	0.5557641185175581	3.458	-0.20607934778943249	9.5659023867608814E-002
glass_num_29	O_535_Si_675	176.94465524395892	166.3288410417201	4	4	0	0.8219117279406665	3.248	-0.28360433828675852	8.4679211081931396E-002
glass_num_29	O_13_Si_676	138.03733393779353	170.19242411804396	4	4	0	1.044529336507854	3.125	-0.17836399241988796	0.16721821192095113
glass_num_29	O_181_Si_696	162.88088780844208	165.51605177183583	3	3	0	0.9379414933160627	3.466	-0.29030337062254347	0.13711420707165012
glass_num_29	O_583_Si_698	160.42912560885148	155.5982017633947	3	3	0	1.15058027697306	3.356	-0.24534429824554679	9.2568404476190039E-002
glass_num_29	O_127_Si_707	160.11853063422026	166.1451345205036	3	3	0	1.6824647169822093	3.297	-0.23846545279531975	6.4181952147338225E-002
glass_num_29	O_208_Si_711	124.90967727434585	174.39905122876436	3	3	0	1.0085472710676384	3.120	-0.21048732967140360	0.14738483888580223
glass_num_29	O_526_Si_714	131.1595100529985	169.70416431771105	3	3	0	1.2767158407630483	3.351	-0.22920678147745432	8.0641209997626362E-002
glass_num_30	O_7_Si_577	166.3070213848685	161.82427402409914	3	3	0	1.3697955162039792	3.377	-0.31184926790610185	0.11211352996092394
glass_num_30	O_46_Si_580	178.32895793077435	174.90172643083613	3	3	0	1.2440210961218034	3.145	-0.23066204981218749	0.10962477051229386
glass_num_30	O_151_Si_585	161.289933149069	150.70351216977411	4	4	0	1.0692066804990437	3.411	-0.23277933838942241	5.0700043448941655E-002
glass_num_30	O_298_Si_587	178.47706103825004	146.8181019299968	4	4	0	1.0852887484018547	3.494	-0.27780596853738171	0.10766893432798821
glass_num_30	O_100_Si_593	173.56679995438137	171.2610929109841	3	3	0	1.5484010468719314	3.142	-0.25833427951459625	5.5058173616468045E-002
glass_num_30	O_460_Si_598	163.22429899287363	171.26857971443488	4	4	0	1.4682942810640172	3.236	-0.28289073019660105	9.8824000781804117E-002
glass_num_30	O_49_Si_612	136.20296923042773	155.71560294022072	4	4	0	1.088630642157671	3.034	-0.20683966885673286	0.12389230388584956
glass_num_30	O_109_Si_614	176.69444077134742	136.80147659165132	4	4	0	0.7512333398231255	3.315	-0.29460915869711285	0.11844130939780781
glass_num_30	O_106_Si_619	143.96667352084432	172.62794446993416	3	3	0	1.7121953464308401	3.061	-0.27264021717851911	0.12201168092084765
glass_num_30	O_565_Si_633	142.8269722676102	71.50145932335994	4	4	0	0.6183970913447226	2.832	-0.24538905427564286	0.16830356346480282
glass_num_30	O_178_Si_641	167.7495156500917	154.0797197521016	4	4	0	0.911389296208014	3.407	-0.26964693043388493	7.3904277667419666E-002
glass_num_30	O_10_Si_643	151.6519147910727	170.0850657155386	4	4	0	0.6995537855760787	3.252	-0.25985936145332372	0.11498139346443444
glass_num_30	O_391_Si_646	165.52019575186276	168.5712902085619	4	4	0	0.9251051752328657	3.183	-0.20217265693552666	0.13783477865636828
glass_num_30	O_133_Si_652	158.52486798016798	167.0320256087561	4	4	0	1.505736994478351	3.206	-0.25046847859249177	0.15266170028045628
glass_num_30	O_187_Si_655	171.64104455787432	176.5185547692286	4	4	0	0.8991519233767005	3.357	-0.27705886116326450	0.14141207175078307
glass_num_30	O_124_Si_657	162.04333339421333	168.77575323608824	3	3	0	1.3916331764792294	2.999	-0.26308070406342060	5.4433447835870952E-002
glass_num_30	O_91_Si_663	169.79523206702135	173.16722716727824	4	4	0	0.8582143656145411	2.873	-0.21907495700887189	8.5425013273916689E-002
glass_num_30	O_463_Si_691	167.63259275422539	171.6570799780101	3	3	0	1.237483830068981	2.964	-0.18031080161481480	5.2101593885407249E-002
glass_num_30	O_502_Si_696	128.9377133870876	48.89956633890709	3	3	0	0.5394472918034362	3.454	-0.21729583594435797	0.18158629230993534
glass_num_30	O_121_Si_701	141.13125070011583	169.5704570407806	4	4	0	0.8704806323295525	3.133	-0.23556094602051569	0.10790726550331897
glass_num_31	O_274_Si_574	167.6311182368125	167.988898031897	3	3	0	1.4037256619022842	3.318	-0.23875622009263919	8.9631353107662862E-002
glass_num_31	O_568_Si_585	163.38022974966327	167.07780326765823	4	4	0	1.3030504332096136	3.106	-0.25528119752159711	8.3707011727178413E-002
glass_num_31	O_211_Si_605	129.9877992603421	168.27184800207922	4	4	0	1.1310348383982236	3.352	-0.20797871431646353	5.6048347988642860E-002
glass_num_31	O_58_Si_606	142.9670852137334	168.60678363265353	4	4	0	1.192848627899283	2.969	-0.26567204902222930	0.14198231232043682
glass_num_31	O_91_Si_628	133.4525537610357	161.74950234775108	3	3	0	1.0160327981481927	3.343	-0.22468040178414617	0.10793826757557716
glass_num_31	O_226_Si_646	141.86747316974993	160.2074434069383	4	4	0	1.4964778839774897	3.193	-0.21482284795914655	0.11084036545581409
glass_num_31	O_472_Si_653	138.9694000787389	173.0040709444666	3	3	0	0.8165006041438247	3.062	-0.28360876145177455	9.8827855908637574E-002
glass_num_31	O_541_Si_664	150.96452195412832	160.67666108967921	4	4	0	1.6741514655774858	3.362	-0.19846233041522165	7.5228236188108893E-002
glass_num_31	O_175_Si_665	166.16375327308904	173.21698153486133	4	4	0	1.1146145559055494	3.267	-0.22236233860160246	9.2500098058214422E-002
glass_num_31	O_229_Si_667	153.62740491371954	125.36444754017914	4	4	0	1.809437802120482	3.401	-0.19414692038992107	6.9641555588635370E-002
glass_num_31	O_511_Si_670	138.9694000787389	165.19604760218795	3	3	0	0.8062901844134926	3.318	-0.30082186425810858	0.11205512411281235
glass_num_31	O_442_Si_672	164.82061095254102	163.90517262916168	3	3	0	1.2696332885808213	3.156	-0.22605438218230034	8.4735046003961659E-002
glass_num_31	O_343_Si_673	155.73809953489447	159.31028155585832	3	3	0	1.076426276468233	3.379	-0.23702235520869172	6.4834766820051459E-002
glass_num_31	O_355_Si_676	167.13310740780318	169.33400486107493	3	3	0	1.6314057197953051	3.469	-0.21867871764473210	9.7787076047853139E-002
glass_num_31	O_154_Si_678	146.26850160623744	163.06564315356079	4	4	0	1.0325825662054078	3.112	-0.17877611844078342	0.15471909357158348
glass_num_31	O_409_Si_687	144.70294649775389	168.7268317746307	4	4	0	1.1202849451881436	3.138	-0.21348793255299456	9.1592287515211715E-002
glass_num_31	O_199_Si_688	152.2152454557237	162.44896117594908	3	3	0	1.291079433332303	3.437	-0.26161236749246658	0.11860663597800096
glass_num_31	O_493_Si_700	143.49086241820768	162.07624720805367	3	3	0	0.8378358227447071	3.257	-0.21555972928950054	0.11526241844990640
glass_num_32	O_133_Si_586	155.05537459036648	158.02744743988814	4	4	0	0.8356452723008694	3.470	-0.20781514988789551	0.11600720222294693
glass_num_32	O_466_Si_610	167.4625668988713	59.698821136066236	4	4	0	0.26035217277755557	3.223	-0.29625679969278890	0.12386697345283215
glass_num_32	O_418_Si_613	131.2350522556179	126.77318585853834	4	4	0	2.660334692915704	3.332	-0.17402960996805183	0.19895366646339488
glass_num_32	O_175_Si_617	140.14272356877802	132.592901347373	4	4	0	1.805394713349037	3.421	-0.20650663834707852	0.13373652855874288
glass_num_32	O_187_Si_619	147.40663825379846	172.5213493840123	4	4	0	1.0032627670965468	3.451	-0.30970893726291387	0.10165733999654095
glass_num_32	O_97_Si_629	151.67086140788342	158.40035661347605	4	4	0	0.6791821321203111	3.209	-0.20417008833533568	8.6023589377350551E-002
glass_num_32	O_55_Si_635	161.6496033763295	160.87164129885468	4	4	0	0.9854302178683206	3.434	-0.17170802455791304	9.0880116950311104E-002
glass_num_32	O_70_Si_639	159.12662422109977	126.91546559137717	4	4	0	1.6365701415433405	3.473	-0.21232459452557004	9.6625640636337148E-002
glass_num_32	O_556_Si_647	127.88047080720196	152.99193460782286	4	4	0	0.12511026547920256	3.318	-0.23018409331263032	0.11204337100584652
glass_num_32	O_409_Si_651	161.27813159753285	161.99000576387098	4	4	0	0.8949863192766012	3.393	-0.18375572827395334	0.10228822501121985
glass_num_32	O_220_Si_663	140.77860095551526	72.61245737646607	4	4	0	0.7801215794114182	3.135	-0.20739075693176354	9.5705460641840531E-002
glass_num_32	O_358_Si_667	167.6814736837526	151.50785154280268	3	3	0	1.077204784919962	3.407	-0.27511041592713842	0.14822263324419482
glass_num_32	O_214_Si_683	150.54268817937006	178.46048055534405	4	4	0	0.8849717573131626	3.216	-0.15954202056632591	0.14280242065057483
glass_num_32	O_334_Si_685	148.24255271043728	178.49670402085067	3	3	0	1.4205345454769538	3.307	-0.28754595110110054	6.8024374376064581E-002
glass_num_32	O_388_Si_686	137.74164951349363	169.1235867806411	4	4	0	1.4929022564018721	3.330	-0.18063685310407787	7.9567541243293891E-002
glass_num_32	O_571_Si_688	156.78498084691708	164.60048786821153	3	3	0	1.6522901471804652	3.323	-0.22936613420788562	7.7481282119372524E-002
glass_num_32	O_166_Si_697	172.32979595828434	165.6690980941219	4	4	0	1.3944840274798027	3.212	-0.26079190387224199	0.10024366327243199
glass_num_32	O_253_Si_699	175.42400140163127	169.71230683875373	4	4	0	1.1267758705416522	3.080	-0.21496252072052538	9.2576148815499359E-002
glass_num_33	O_283_Si_584	141.18408459040145	171.77156951026672	3	3	0	1.2986930910641454	3.045	-0.21233866485282507	7.6067560317638463E-002
glass_num_33	O_49_Si_597	140.40190017617638	172.74591217556005	4	4	0	0.8629962564371563	3.201	-0.29184720393067404	3.4847788885718371E-002
glass_num_33	O_346_Si_611	157.7004194423844	161.26213906307993	4	4	0	1.2019532906544945	3.278	-0.18327839780188804	8.5918902820451143E-002
glass_num_33	O_406_Si_620	167.8696117760733	168.11715799821445	3	3	0	1.3474892228120898	3.070	-0.24567527412938062	8.2443733974577105E-002
glass_num_33	O_142_Si_622	167.6571242499905	169.3307163883886	4	4	0	0.7054763003255108	3.028	-0.27847688375318308	4.6793822863458227E-002
glass_num_33	O_403_Si_647	153.50769474018776	175.1936666150692	3	3	0	1.061064170701993	3.099	-0.31253251606438254	6.8333339149020886E-002
glass_num_33	O_169_Si_651	161.35390881335644	174.63432004949925	4	4	0	1.693749090211676	3.482	-0.26133490695244804	2.2664909145163562E-002
glass_num_33	O_430_Si_657	175.72516433797458	177.6224930877261	3	3	0	1.5289220551187501	3.259	-0.23817471772501900	6.0132110457544782E-002
glass_num_33	O_451_Si_666	167.8696117760733	175.03456267561097	3	3	0	1.2973249778513052	3.117	-0.17106685406886699	0.13922826414008302
glass_num_33	O_241_Si_667	146.8420060060199	142.05978131395867	4	4	0	1.4645947215665243	3.212	-0.17648898566116369	8.5084206723598968E-002
glass_num_33	O_514_Si_671	153.28811815640373	169.76831833392765	4	4	0	1.5861605270806542	3.320	-0.17115408609014260	0.17754384661033865
glass_num_33	O_553_Si_676	145.37137249298462	159.9378060726953	3	3	0	1.4550857186109543	3.494	-0.24058238230876497	9.1549737575765511E-002
glass_num_33	O_118_Si_695	137.82081146420813	146.84272863988917	2	2	0	1.1817947099184094	3.380	-0.19233000055276153	0.12747345898923623
glass_num_33	O_511_Si_696	153.1587633122966	162.50752866416903	4	4	0	1.4946324892110325	3.133	-0.16656196680483351	0.10268953491764257
glass_num_33	O_496_Si_698	150.06890493866544	166.63638425991567	3	3	0	1.1116064902220026	3.365	-0.27204097493097695	7.6408760561592293E-002
glass_num_33	O_70_Si_703	160.59599681683252	176.12072414742826	4	4	0	1.628887689644602	3.222	-0.21725242797194644	9.5749057565194209E-002
glass_num_34	O_151_Si_595	175.01071492354885	176.56695195759997	4	4	0	1.4497545434218229	3.214	-0.19717395151446829	0.15087803565460944
glass_num_34	O_358_Si_596	144.74944922804772	169.60354488168906	4	4	0	1.1756239779590494	2.957	-0.22179417759102238	0.14908550009084387
glass_num_34	O_226_Si_597	174.53402736691544	173.4659925381527	3	3	0	1.440354591127447	3.234	-0.20614837213442519	9.3683669856883880E-002
glass_num_34	O_337_Si_599	124.64193890816611	152.72984231700295	3	3	0	0.879476610722052	3.240	-0.18533883269654106	0.18568386488438932
glass_num_34	O_268_Si_605	147.83190326945305	159.37049399792332	4	4	0	0.46698097845714487	3.027	-0.13764621640845356	0.18407520214469081
glass_num_34	O_286_Si_633	151.8696918303716	169.84611253858697	3	3	0	0.8051988641915453	3.183	-0.23273546150634802	7.6786726210085227E-002
glass_num_34	O_577_Si_637	130.40181266488707	153.23740247386684	4	4	0	0.6397564497206167	3.239	-0.18992744671590170	0.14237734745451278
glass_num_34	O_481_Si_646	156.22265994374402	165.39793712933678	4	4	0	0.7804588687685943	2.966	-0.24024986884340604	2.9871166233349688E-002
glass_num_34	O_334_Si_649	146.49968648932906	160.5497716982372	3	3	0	1.1487561815822536	3.279	-0.21097834604168642	6.2340556066732451E-002
glass_num_34	O_28_Si_650	148.02691112958254	144.72786246204709	3	3	0	1.1565988565073169	3.412	-0.19358324525923942	8.9691898612509147E-002
glass_num_34	O_49_Si_652	131.71808072607743	161.21702071317387	2	2	0	1.1823144568496702	3.236	-0.13116725897579803	0.10958654593255877
glass_num_34	O_22_Si_655	140.2022908963298	117.33303834028727	4	4	0	0.6500934791127956	3.452	-0.22808779213510913	0.15549970440740168
glass_num_34	O_7_Si_659	132.70858427410724	162.29792531008448	4	4	0	0.3902222099704036	2.763	-0.23040125153698932	0.14854080800835975
glass_num_34	O_322_Si_671	143.55012389559465	156.53079350314957	4	4	0	0.9383575403496422	3.300	-0.20607643472503104	7.4921309168932027E-002
glass_num_34	O_118_Si_672	154.8641716584979	173.90330411476955	3	3	0	1.5483822710410469	2.935	-0.20372453897888362	8.0189585957675627E-002
glass_num_34	O_436_Si_682	141.46556004160755	168.49608008778895	4	4	0	1.5838112145611412	3.324	-0.24944894841257861	0.10449277829631010
glass_num_34	O_427_Si_684	148.8202381945502	171.9531887916232	4	4	0	1.6918817945370461	3.435	-0.20077183688578848	5.6005618862515309E-002
glass_num_34	O_316_Si_689	144.27574634740014	153.05471582984777	4	4	0	0.9754547409703728	3.445	-0.25182953030441985	0.12344583221751655
glass_num_34	O_103_Si_694	171.20857720352166	165.11380969147834	3	3	0	0.8280090463853096	3.357	-0.20503944009805430	8.5540980412859305E-002
glass_num_34	O_424_Si_701	161.9230311262708	153.38072470005088	4	4	0	1.2005304532613557	3.181	-0.20299485717917709	6.2378118006689215E-002
glass_num_34	O_37_Si_702	151.97987674571326	174.62083348702004	4	4	0	1.0232091809043273	3.193	-0.21425599579237672	0.12907825237341908
glass_num_35	O_559_Si_597	153.19669531469398	166.1281006076316	3	3	0	1.4127448700646579	3.416	-0.25751356454840485	0.16474657972436046
glass_num_35	O_100_Si_611	133.3340382299027	165.31247116674538	3	3	0	0.7410526576628162	3.240	-0.18266896910572714	5.7284462485761148E-002
glass_num_35	O_28_Si_615	171.33917596564325	153.48993818821992	4	4	0	0.6080158758730958	3.178	-0.26317108171956027	4.4331775626220468E-002
glass_num_35	O_418_Si_619	145.0997023670779	54.6622816014315	4	4	0	0.5370339902283544	3.267	-0.25349941375228147	7.8399963443493828E-002
glass_num_35	O_328_Si_642	152.55895709884484	167.62756342486878	4	4	0	0.31055052050789916	3.053	-0.28650471942562139	0.16053550312666576
glass_num_35	O_343_Si_659	149.98631313034983	172.68841388933345	4	4	0	1.4993631742645306	3.335	-0.20061358713422908	7.0331079739003585E-002
glass_num_35	O_40_Si_663	147.35420653885748	175.97604490756788	4	4	0	0.9902578289891292	3.263	-0.19532466046918970	0.12089075402286002
glass_num_35	O_316_Si_669	134.4992407322941	166.00294150809992	3	3	0	1.2780956905948546	3.075	-0.19889866555297142	9.7704543081992098E-002
glass_num_35	O_157_Si_675	147.48542300023257	158.14174964279198	4	4	0	1.3580332874269345	3.350	-0.22679956294390621	4.3995840275904363E-002
glass_num_35	O_250_Si_679	161.05254580297859	160.4983895853016	3	3	0	0.6790958278000476	3.367	-0.23751303281275046	7.7250026801199329E-002
glass_num_35	O_550_Si_694	141.71998604882899	155.57988996023215	3	3	0	1.088395059044857	3.306	-0.22996554035927094	9.0548107728063446E-002
glass_num_35	O_67_Si_696	161.21995057355323	156.04839051679514	3	3	0	1.1324581705269539	3.183	-0.24888887251291880	8.4498188512534461E-002
glass_num_35	O_481_Si_698	150.37971933652764	170.93563348557484	4	4	0	1.1640893336696936	3.248	-0.21973819197534672	0.10727952428590237
glass_num_35	O_382_Si_706	161.8184170111054	159.23193392421862	4	4	0	0.8944209733965525	3.336	-0.23290561006456559	0.13137025672449210
glass_num_35	O_49_Si_707	148.80350479629746	146.34547576917225	4	4	0	1.4732035044272074	3.461	-0.28692157061451762	5.4428187027416690E-002
glass_num_35	O_109_Si_713	136.8035645456688	164.0328405102912	4	4	0	0.5088236395616523	2.979	-0.28822863309716412	8.9959398097786039E-002
glass_num_35	O_301_Si_720	144.8230399136885	164.2506882802333	4	4	0	0.9617751025332368	3.099	-0.23991988109025453	5.2345115983916932E-002
glass_num_36	O_337_Si_607	132.56573118278655	171.20567806149046	4	4	0	1.063756028885454	2.865	-0.20330915607768793	0.14304598838135357
glass_num_36	O_460_Si_629	159.70380846512975	169.3327823321584	3	3	0	1.2944497898336187	3.302	-0.22416836225347381	5.6752859447727670E-002
glass_num_36	O_160_Si_638	170.64825530524863	173.6757918328413	4	4	0	0.8351718847308943	3.211	-0.28285984802994135	4.8915085131795107E-002
glass_num_36	O_232_Si_641	151.33254398256116	136.59494170298694	4	4	0	1.518688203910554	3.331	-0.18803589578044097	0.24745777684981166
glass_num_36	O_592_Si_642	163.80424132075095	167.48304907136702	3	3	0	1.2878925360071658	3.273	-0.27612528817919879	7.9559747028335404E-002
glass_num_36	O_529_Si_646	132.29069581930813	162.55178102336748	4	4	0	1.0539342106921101	3.395	-0.21468015105937063	0.15399737559111240
glass_num_36	O_313_Si_649	167.72497391760868	159.7235972284651	4	4	0	1.4415679253806446	3.248	-0.27605769284924314	8.4159560331220781E-002
glass_num_36	O_121_Si_656	131.1724154740351	141.97758286324913	3	3	0	0.7705906869601546	3.500	-0.20152356436378585	0.14793372182766823
glass_num_36	O_166_Si_658	136.39953737398403	134.8227855057885	4	4	0	0.12110610197164791	3.183	-0.22787508451193791	0.11600041402436531
glass_num_36	O_574_Si_659	162.88782621624128	172.2754954505257	4	4	0	0.7815879103851313	3.167	-0.17362720310533838	0.14479370059285096
glass_num_36	O_1_Si_662	142.286071914796	163.0684991172393	4	4	0	0.9777417220250545	3.484	-0.23759635630665180	5.5140268250697115E-002
glass_num_36	O_457_Si_663	139.25011281767956	153.6051263099953	4	4	0	1.0168254787420894	3.151	-0.20101099262867725	0.12506204162210424
glass_num_36	O_427_Si_664	151.66428723999147	170.96889873648993	4	4	0	1.043709589109632	2.896	-0.28310036484082346	7.4030378060563548E-002
glass_num_36	O_91_Si_671	124.37547830265062	178.19554193838871	3	3	0	0.9662447165942907	3.300	-0.20676331052562436	0.19153260315837931
glass_num_36	O_343_Si_683	128.6151714486535	158.4018925913442	3	3	0	0.6844168951213138	3.333	-0.20746971810570458	0.21154732721458219
glass_num_36	O_175_Si_693	139.14876293719232	61.888124084030835	4	4	0	0.23842549828317458	3.468	-0.21865502058004763	7.9328449732781289E-002
glass_num_36	O_385_Si_698	144.0037785078572	179.05198851025034	4	4	0	0.8836824722592178	3.049	-0.21604058368996079	0.14750293177393120
glass_num_36	O_274_Si_699	162.57054026163755	165.3621625590345	4	4	0	1.0543527762531453	3.081	-0.23231438199649754	0.11032777325662826
glass_num_36	O_217_Si_701	156.44755416217194	168.73124743580738	3	3	0	1.3006929865525805	3.414	-0.19932133325205167	8.6742965978072628E-002
glass_num_36	O_397_Si_703	163.72363296341092	171.98434193488475	3	3	0	1.1036634042217164	3.404	-0.19207183569553896	0.12801866084672206
glass_num_36	O_55_Si_706	152.41302603226958	162.02322073442983	4	4	0	1.3985316094904885	3.057	-0.24803266442668651	8.1123237531639719E-002
glass_num_36	O_331_Si_710	167.3317807596135	171.14388776107737	4	4	0	1.1154998252910058	3.051	-0.21869471234945123	5.7885171176116842E-002
glass_num_36	O_601_Si_711	140.31987707413234	175.46265533114948	4	4	0	1.33133406519827	3.005	-0.22938350644650005	6.0834925686796174E-002
glass_num_36	O_322_Si_714	143.17460136381757	173.41362056259845	4	4	0	1.325590743368617	3.428	-0.25579696760649656	8.7078028735113278E-002
glass_num_36	O_211_Si_718	143.44371983610716	147.14287350896328	4	4	0	0.48071634077128905	3.344	-0.22601256128838018	0.16920150090019331
glass_num_36	O_541_Si_729	137.72417095132636	169.43433769479273	4	4	0	0.6450404768823068	3.419	-0.25269643956732063	0.15304137830840228
glass_num_40	O_460_Si_571	160.16652545837823	165.03715594778512	4	4	0	2.1449256801396195	3.102	-0.24944420759707189	7.6283138538189368E-002
glass_num_40	O_526_Si_573	145.76000134589137	158.95878109973475	4	4	0	2.340648226071843	3.336	-0.12628114352515249	0.14862241065148685
glass_num_40	O_445_Si_584	127.68797722104426	154.589454409374	4	4	0	0.7606505046574461	3.233	-0.16220688472217124	0.16555510889830952
glass_num_40	O_16_Si_585	170.01727980382086	159.85249400295382	3	3	0	1.3864228509648246	3.156	-0.20779500609096693	0.13394023759254189
glass_num_40	O_232_Si_589	161.18912469719407	164.0345789912408	4	4	0	0.5661985613012859	3.316	-0.28990513154796621	8.1512976299582915E-002
glass_num_40	O_436_Si_593	165.374214334491	165.8612995702459	3	3	0	1.5799743061131668	3.235	-0.16920758429946281	9.8938668433258353E-002
glass_num_40	O_247_Si_598	150.66037115080715	176.2691378819555	3	3	0	1.378563370987954	3.285	-0.24250302004522073	9.1654629889161288E-002
glass_num_40	O_19_Si_604	142.18207348675537	174.14170779386765	3	3	0	0.9523440252905395	3.361	-0.23172241051279888	0.11733648216161259
glass_num_40	O_55_Si_606	127.21481420847243	175.4131351540075	4	4	0	0.7057705028522722	2.775	-0.18813503290433534	0.19202356558103711
glass_num_40	O_22_Si_609	142.59988681448536	163.5975966790253	3	3	0	1.205843131813434	3.073	-0.18430623592693859	8.8712266608249699E-002
glass_num_40	O_274_Si_617	139.08288955048891	174.0209587110503	3	3	0	1.344378749679276	3.162	-0.20608350892526150	0.10878690095928438
glass_num_40	O_457_Si_619	146.2794550178756	178.50985183423646	3	3	0	1.5402832500848236	3.457	-0.18718294145676037	8.8995702731037657E-002
glass_num_40	O_7_Si_624	141.12062074792377	169.91989946595896	4	4	0	0.9487858870282116	2.948	-0.23551805330733719	0.10356661268101004
glass_num_40	O_520_Si_639	138.02501250260084	166.6359891706275	4	4	0	1.1324882616391898	3.005	-0.17462329379964012	0.20605969317016914
glass_num_40	O_496_Si_642	166.28434110614273	67.16959266861456	4	4	0	0.29453623230685	3.126	-0.19617521864850498	0.16175062569828605
glass_num_40	O_34_Si_645	166.69208086542872	159.02037385514984	3	3	0	1.4081292254242461	3.420	-0.19113140409699567	0.15969837662530142
glass_num_40	O_286_Si_648	171.24625294130877	166.02890015811195	4	4	0	1.0239053742885493	3.434	-0.25774514446901176	0.14165592955692352
glass_num_40	O_481_Si_656	173.6817224560143	158.53656587269657	4	4	0	1.2445858833032253	3.321	-0.22685698698939138	0.13607981034550362
glass_num_40	O_499_Si_658	147.54377613701388	149.9771272655015	3	3	0	1.3786598358000015	3.489	-0.20612592999204896	8.3979964643983732E-002
glass_num_40	O_358_Si_661	144.25383071537524	130.53197833606842	3	3	0	0.6096305859135595	3.424	-0.20735354760538996	0.12385989241838324
glass_num_40	O_124_Si_668	160.6178091606775	164.74433597253682	2	2	0	1.240549580016559	3.416	-0.19874534937449620	7.4157007547010073E-002
glass_num_40	O_217_Si_670	156.8592854967332	125.55468348376297	4	4	0	1.28354239119374	3.370	-0.15739240940492613	0.19841879027995782
glass_num_40	O_97_Si_687	156.96117825138032	165.76457457961266	4	4	0	0.5434186792418964	3.318	-0.24136371909386731	4.2681747495997194E-002
glass_num_40	O_67_Si_694	139.50842189091372	157.2389132054375	3	3	0	0.20744333670997261	3.226	-0.24495206686954285	0.17624684312795375
glass_num_41	O_583_Si_597	143.9084999490334	168.9879389622914	4	4	0	0.96054251923181	3.183	-0.24686463719391172	0.14163300974838455
glass_num_41	O_289_Si_607	167.56826452237854	154.15232260399344	4	4	0	1.044207790273107	3.449	-0.22235049873404766	8.1691177912421156E-002
glass_num_41	O_154_Si_611	161.54825052172248	171.80725417835924	3	3	0	1.3258318748165254	3.347	-0.26072693156384902	9.1679752605981088E-002
glass_num_41	O_409_Si_622	152.97068388365062	163.45091243050368	3	3	0	1.4860155933892287	3.226	-0.21942801425190450	9.0169745417719646E-002
glass_num_41	O_88_Si_624	158.3871830918105	158.2009219933554	4	4	0	0.7192244863453682	3.464	-0.28393051795102175	7.8005208326387895E-002
glass_num_41	O_37_Si_625	158.56294485329082	161.2009801014266	4	4	0	1.8405023084276995	3.234	-0.21027068997794193	0.12452658605874682
glass_num_41	O_67_Si_632	129.97650452352065	176.66121847478666	3	3	0	1.5855911785117838	3.093	-0.18828487591607410	0.10622455088496546
glass_num_41	O_553_Si_634	159.59256778327187	161.6019236477199	3	3	0	1.3692404146377986	3.077	-0.23245838438712940	4.2159630865453747E-002
glass_num_41	O_199_Si_635	128.67134593418018	162.3540333365018	3	3	0	1.11825150367873	3.416	-0.19553930233517045	0.20100466385891946
glass_num_41	O_58_Si_661	147.475528531785	168.815213538811	3	3	0	1.1423754964303519	3.244	-0.22773984339631945	0.10550436164325956
glass_num_41	O_139_Si_679	135.35751941921828	160.6434588553431	3	3	0	0.9819713700707331	3.161	-0.16107870587384979	0.13142804248544837
glass_num_41	O_457_Si_684	148.06190491794425	153.5834514309759	4	4	0	0.7346848175283779	3.241	-0.27710103023624255	5.4480138518148327E-002
glass_num_41	O_436_Si_690	139.12496130629074	169.80189962877253	4	4	0	1.5371040179580255	2.989	-0.20804550897053994	0.12029563493616649
glass_num_41	O_22_Si_713	174.8633347076808	168.71737552622778	4	4	0	1.8433851811482036	3.302	-0.21134129055239814	8.4136875483825174E-002
glass_num_41	O_406_Si_717	137.26663463068235	173.2445862269893	3	3	0	1.4322523330396493	3.357	-0.17121554356604510	8.8403391814857110E-002
glass_num_42	O_295_Si_589	133.21495006899127	176.95604395033686	3	3	0	0.7856224255211739	3.023	-0.23439399272347250	0.15242944720173673
glass_num_42	O_385_Si_591	149.79713075928788	157.4894859616255	3	3	0	0.8950302304392865	3.282	-0.25406246752448686	0.14955501646473987
glass_num_42	O_520_Si_593	147.579094570644	172.3546992872013	3	3	0	1.7447057320241168	3.262	-0.23093573886203980	0.14058362850379738
glass_num_42	O_223_Si_599	173.18914986959385	162.9269164513816	4	4	0	1.5634898575903566	3.310	-0.18348831181314737	0.12887288479301223
glass_num_42	O_214_Si_601	122.04169477526519	178.3058031092997	4	4	0	0.4282155825395202	2.712	-0.15724575760093873	0.19663217857057125
glass_num_42	O_535_Si_603	156.54480419531956	171.68991017581703	3	3	0	1.3668647485690055	3.197	-0.22628082585108122	0.13144351215580144
glass_num_42	O_142_Si_608	130.5244486308675	178.59005104904438	4	4	0	1.5351905124785188	3.062	-0.19096236800839936	0.22656688533270958
glass_num_42	O_568_Si_613	152.76198074150062	171.5942470401509	4	4	0	1.2888976654558828	3.240	-0.24944603643431440	0.10899700469803314
glass_num_42	O_196_Si_615	160.21468083966397	163.4128815816742	4	4	0	1.1923851197638515	3.046	-0.19470024253529017	0.11805288443838492
glass_num_42	O_88_Si_622	163.09292308428687	162.7281014137806	4	4	0	1.099182487587796	3.050	-0.19386037289870528	6.6874455416924036E-002
glass_num_42	O_133_Si_625	147.5896073883562	172.2877249003066	3	3	0	0.9306178214231476	3.331	-0.31247619321714876	0.11748073854965632
glass_num_42	O_148_Si_634	144.2498210008297	170.72889360706273	4	4	0	0.9824891646773525	3.126	-0.20303007817257215	0.10746785865537752
glass_num_42	O_532_Si_640	164.82183747765202	171.77554994009097	4	4	0	1.6698011685814391	3.059	-0.24823385621656749	9.4046359581595074E-002
glass_num_42	O_286_Si_659	137.79956374803515	59.562144797673014	4	4	0	0.7946297803156591	3.498	-0.22786935336817318	9.0265342290294773E-002
glass_num_42	O_394_Si_660	149.96789719869128	175.36163312022285	3	3	0	1.2299778082203408	3.308	-0.27865917565296855	9.0047358340994602E-002
glass_num_42	O_106_Si_664	147.80842939922394	175.21351124444357	4	4	0	0.8908003192278259	2.834	-0.19726548881259096	7.4463217344391611E-002
glass_num_42	O_289_Si_669	162.67390106523058	171.64814862168672	4	4	0	1.7784215732316484	3.231	-0.20288059384748927	0.14176069819118486
glass_num_42	O_544_Si_673	171.72340712473593	170.12989447656975	4	4	0	0.7374057009484438	3.190	-0.32771288702173446	7.4577621063023250E-002
glass_num_42	O_58_Si_683	165.83118522662738	173.9900569118034	3	3	0	1.2479983526105496	3.170	-0.19652724228869412	0.11081067406771383
glass_num_42	O_10_Si_691	142.96160558798468	164.0231908750015	4	4	0	1.0301749464479841	3.470	-0.23551873201708884	0.11378346548723235
